2.244743846771332585e+02
1.168904887240927621e+02
1.627757716605887595e+02
3.776723842626439591e+02
3.273369933665264853e+02
-1.514126207474818386e+01
3.703625461250959461e+01
1.065040806647117506e+03
6.226055530626906602e+02
2.015585247605442873e+02
2.357977588807831069e+02
4.249629977436774197e+02
7.916591255593525034e+01
2.180060635141626051e+02
1.490861417656903996e+02
8.964700980001430253e+02
-3.600432215486627001e+02
1.888579179825471215e+02
9.642112902992982981e+02
5.327313384482556557e+02
9.360603629701143973e+02
3.319646411571534941e+02
3.186514120241241130e+02
-4.797515988591397473e+01
5.735186774863863093e+02
1.288215394648779295e+02
1.752899429762394732e+02
1.791431215801086694e+02
6.659249962312766229e+02
5.333447457385340158e+02
1.218700233243930739e+02
2.118566586530812970e+02
5.974011835862647786e+02
6.015079889458866091e+02
2.183776469860881377e+02
2.137695025998678773e+02
-4.214411378703374567e+00
8.546020423928902687e+01
-1.624941778776709356e+01
-2.718032565724913070e+02
-3.248195245782432607e+02
1.972832029708104074e+02
4.371331777397969631e+02
5.253078287237128734e+02
2.000745792517725477e+02
4.539287700541185018e+02
5.135793646263664414e+02
2.934604545786194763e+02
5.339106909951591433e+02
1.271879090699960813e+02
3.690584347089592256e+02
7.267687917384725438e+01
4.813052197981553491e+02
1.742363192304285349e+02
3.490336163404698766e+00
2.480798845813462776e+02
2.378288191036124317e+02
-2.221342579019973016e+02
5.321570557220960609e+02
1.676250279188176364e+02
3.738266167047328281e+02
3.592411070197829872e+02
2.786712334468984409e+02
7.842967908098344765e+01
5.274145314392142154e+02
3.527272551162149625e+02
2.270781550297824367e+02
-2.673465012730900412e+02
-3.684184457896315052e+02
7.970299146442792448e+01
4.118122630837772817e+02
8.055205824607075016e+00
-1.716459857335558468e+02
-6.619972087154954465e+01
4.665560093906388488e+02
-3.632724136510258006e+01
2.042437866162039199e+02
1.298382355890484519e+01
1.614474874362848595e+02
3.912155794322657130e+02
-1.789513864870332043e+02
1.533637142155359925e+02
3.036858301877198301e+02
1.808466311339163326e+02
8.250121064533847459e+01
2.508010249913245673e+02
1.494512089925691498e+02
7.595502760377769391e+02
7.726648115452719594e+02
7.046911343153122971e+02
5.731580780326552826e+01
2.548729704845982837e+02
9.990322677813085761e+01
4.938963250233743452e+02
-1.406041675042490056e+02
8.092907036286172229e+01
6.054950554440583232e+01
1.702396125987820028e+02
-1.483725029384181653e+02
1.542259693154880154e+02
3.304715188915307067e+01
-2.204672150403770274e+02
-3.241412265436251232e+02
2.108818490021033085e+02
4.403354721030011660e+02
-1.517149992549781814e+02
6.175378847427836035e+02
7.426235939028379107e+01
5.759780600558319748e+02
6.834458585811158571e+01
5.041113461572336973e+02
-3.581759805195477497e+02
1.768727471616898299e+02
2.538338705618241988e+02
3.073433916657478804e+01
9.532262211237954830e+01
1.563589646404095959e+02
1.273640242938860183e+02
1.178013807350425068e+01
2.117641585054068969e+02
3.060611470130916132e+02
3.903263998187788957e+02
1.230614210298535056e+02
-1.064526431669519013e+02
4.878657624484751523e+02
1.823641672186761866e+02
5.324347851445598963e+02
1.189306018158635652e+03
1.542814532358892450e+02
2.207406104212653304e+02
1.148489456066489254e+02
1.425672479058026454e+02
-4.647809093641937750e+01
2.865297383548024754e+02
5.473356605539510866e+01
6.176189169312072380e+01
-2.711024054068008127e+02
3.880089389851103192e+02
7.165965989027608174e+00
1.544127147076915776e+02
4.284107009616940331e+02
9.614976572485852557e+01
2.584971154148236749e+01
5.018368139215837687e+00
1.350309358236389699e+02
3.546352766172686302e+02
2.372725336407928864e+02
6.188871986049295515e+01
4.728619109423139832e+01
8.003399050109362634e+01
2.292162233052561362e+02
-4.120889307309728338e+02
9.018297089262074451e+01
8.825477128939708393e+01
3.131052783277131653e+02
4.798004795707095695e+02
2.974908143632326869e+02
2.450538366123967933e+02
3.405573001899729775e+02
1.521446160343151064e+02
1.468832313110742689e+02
-1.269441753408499665e+02
2.235926471676419283e+02
1.635637574591776797e+02
4.774009151726639857e+02
2.403884929617570094e+02
3.235589123826399600e+02
2.040456670602603708e+02
-2.744665543700978461e+01
1.133772940864823227e+02
9.840683106753527909e+01
6.531917867904185471e+01
1.854217537678515271e+00
2.152932322827791154e+02
1.446017652807688592e+02
-2.925465819533648073e+02
2.253902133518822097e+02
1.439310923513913281e+02
-1.952567565061003450e+02
2.316758790818356033e+02
-5.989284464482834380e+01
-8.939221681648839990e+01
3.722277884546152222e+02
4.912312588807544103e+02
6.376474789622832304e+02
3.820190693567497533e+02
2.676315500292857337e+02
2.052849894185666813e+02
1.295615654387433437e+02
1.221974105303788747e+02
-4.990526649291503958e+01
1.366721215978988084e+02
1.568491057824837753e+02
2.622345834215378773e+02
3.751518285371448655e+02
1.231236553323828389e+02
1.019317688944469751e+02
4.484999176280671804e+02
3.811318680625311117e+02
3.166666238605486683e+02
8.634915494306027313e+02
8.193067804520645723e+02
1.532289072866857964e+02
-8.220934317978642980e+01
4.968424299517613463e+02
5.940779328555390748e+02
4.714949814311908085e+02
3.987602871910900149e+01
3.978939088137134377e+02
1.071551859226576084e+02
-3.361979667003969752e+01
7.976359035759955418e+01
2.158255025723817653e+02
-3.300893265724180026e+01
3.495303287863370656e+02
1.756227737828790225e+01
2.310492817099191711e+02
1.519455114775732909e+02
4.011252945618979311e+02
5.969284413394611875e+02
6.344869197688420570e+01
1.204328643478215497e+02
2.697622810728173022e+02
2.949165827987028479e+02
9.530563506225025350e+00
7.726526477707244567e+02
3.222184257230841808e+02
2.191716443352150918e+02
6.432730229220613865e+02
-3.299450669996851957e+02
3.236682023091074143e+02
7.116759444628299036e+01
4.431467123766259419e+01
5.757270125211913410e+02
1.800839280779232467e+02
-2.314546215924829653e+01
3.861622729642350009e+02
2.822615918532151227e+02
-1.135833368887193870e+02
3.025586333071034346e+02
7.959963778159965386e+02
5.079435713848972114e+02
5.176530314679393996e+02
1.424836618405397815e+02
-2.080105878998061826e+02
6.390281989846896238e+01
5.093245695481063535e+02
2.667280340188168566e+02
2.005365848084433935e+02
4.239764463389713001e+02
2.853812597871163916e+02
4.052538272099845358e+02
4.722641865869968569e+02
3.466274829648397144e+02
2.524798306151748193e+02
3.318085989150264368e+02
1.041822969443073390e+02
2.612736520606217709e+02
6.374134101170820941e+02
4.022718861199323896e+02
8.081960598232983557e+02
1.174714398322338127e+02
2.490857984486679868e+02
5.462680397814775688e+02
1.452502714905522510e+02
9.561215475457476032e+02
6.255940591127703101e+02
4.768448428485527302e+02
-3.203081633772376335e+01
5.709069328376176600e+02
1.221039036911182052e+02
7.809572400898830438e+02
2.308757096568166389e+02
5.373865760810517713e+02
-8.436306166747058910e+01
4.203486680649302230e+02
2.488787038610075797e+02
3.099267078942709759e+02
4.351431852536372844e+02
-2.530642857698454975e+02
1.373243202363285889e+02
3.297135749513859651e+02
7.660530239969151012e+01
2.763823552592449460e+02
4.547748995155229181e+02
3.579083372082510550e+02
1.718922635746837670e+02
3.541828158231008956e+02
-7.001335245920522254e+00
1.993787290607602642e+02
2.875664532190935461e+02
3.486993384250853296e+02
3.440492193442680673e+02
4.901963914323222298e+02
5.296295378578230384e+02
4.075244207949759812e+02
4.662294844491984946e+00
-9.763374290031046598e+01
6.172716634895375591e+02
5.736362048479198847e+02
2.122480220765166905e+02
3.032569982151168233e+02
1.917363458468719841e+02
-9.323025911624220896e+01
1.181131531718506722e+03
-1.239375344354994297e+02
8.872868430634446213e+01
-2.782205374306342094e+01
3.927854413519719401e+02
1.305697944278201476e+03
2.145360170179878025e+02
-1.436532877641592449e+02
7.726982725311241893e+02
-5.610801879666442460e+01
1.569045866926796862e+02
8.942006422899719809e+00
4.513933314672406141e+02
1.571293680170456923e+02
-1.775201057688948936e+01
9.531182223358165118e+00
2.312724423390116044e+02
-2.037138821465080412e+02
5.649519540092298939e+02
4.917750219378736460e+02
2.477251883887387010e+02
8.513191523403537531e+01
-8.267576398417963901e+01
2.775589895656905810e+02
3.593957878112454409e+02
7.518569903574400541e+02
-2.682286067835659438e+01
1.544778639772702036e+02
-3.783979151361210143e+02
3.490330798562978316e+02
6.312049869975850243e+02
-1.986704405929874895e+02
5.756617081976287409e+02
1.187185131284098816e+02
6.431739822242550986e+01
8.565707420074238598e+01
-1.076241767848190847e+02
1.298751705574586140e+03
4.962477098356022225e+02
1.162072868975421329e+02
1.917056976363197123e+02
3.834117649453360173e+02
1.840527260976541015e+02
8.963399049238522309e+01
3.405490285436966360e+02
-1.256186095322440792e+02
1.356025009333032472e+02
5.375553699719052929e+02
-2.801932198596659305e+02
-5.853660941928520600e+01
8.952661617494298696e+01
6.438338759492136631e+00
3.327498313025874381e+02
7.751756622798557146e+02
2.049527588465835848e+01
5.450795154334124391e+02
2.684461623715408791e+02
5.645492743298325422e+02
3.392827747559066438e+02
-2.331814432158484465e+02
1.138548506934197803e+03
2.971244629618954747e+01
5.037293190414100081e+02
1.481850535911800648e+02
5.101556841694606987e+02
6.787516072415129429e+02
5.067683148820439669e+02
-6.558096605436317361e+01
5.507177786378963447e+02
9.992008017024514288e+01
7.781618367943585213e+01
2.503349262371966688e+02
-9.823440028673914526e+01
5.012344179376556212e+02
1.778997410497377132e+02
1.687682598244012411e+02
-1.543904000328307546e+01
4.914489908131394031e+02
4.244917545076295937e+02
2.790986701008283148e+02
4.633326201568517035e+02
3.144676728585994852e+02
1.585977865646659097e+02
3.094092727325956389e+02
2.970035336722432930e+02
-4.114372535567367350e+01
9.744497116052451702e+01
-1.145123585320568509e+02
1.916774894040634081e+02
2.338760608265269241e+02
2.934440741656645741e+02
4.231761693256113972e+02
4.465169303033366788e+00
3.093877028043579003e+00
3.280555473537102671e+02
1.154778069550465247e+01
1.401209693401575009e+02
5.125103768189034099e+02
1.248285718960776421e+03
1.659129893481478462e+02
-1.310609919102536765e+02
2.823334467953714011e+01
2.993926012596743647e+01
2.036661700897563492e+02
7.179476028341308620e+02
1.928533562369443928e+02
1.567329901714225571e+02
3.591074281221684714e+02
-2.960481457907706044e+02
5.494614195265292267e+01
3.459806467992393664e+01
-1.301679074293150506e+02
2.513689322182360115e+02
3.235944553384721871e+02
1.677310160247897102e+02
3.948950365606041828e+02
3.336136725366029623e+02
4.456710462261144130e+02
2.975247698639557825e+02
3.946960873797424796e+01
-1.072125878490128912e+02
-2.369085598187491541e+02
2.413753399429471358e+01
2.566606997975721924e+02
1.754450205168763262e+02
3.001593592306571168e+02
5.939416197047545154e+01
4.433892456379524560e+01
5.917578009264778984e+02
2.645600876233420422e+02
3.891835043369213167e+02
2.006593213565362248e+02
-2.805426962936923019e+01
-1.137380741371752464e+02
7.073426225256272915e+01
-8.468092700615989088e+01
-7.701596219176322222e+01
5.079986518620927427e+02
4.135229862005988934e+02
8.251336980350617978e+02
3.662197845947595738e+02
-2.969682200360652047e+01
1.323011278474635617e+02
9.284431294796959264e+02
5.382826436998858810e+01
4.470356600188943048e+02
5.543953616263140702e+02
1.463444625618740815e+02
1.392117599086976725e+02
5.499928008851010190e+02
3.945402329009741607e+02
5.185172707188514778e+02
7.576984261749940970e+02
7.356903376407789210e+02
-1.149453285990016411e+02
2.920411527234636537e+02
2.584521101358232542e+01
7.043805411129341110e+01
7.375487639266306417e+01
2.309758260670765537e+02
2.087770635889709183e+02
-1.018881332233716535e+02
7.917568360664123475e+02
6.457732601613104180e+02
7.521330933931602658e+02
1.414456078118362115e+01
9.279047404853862702e+01
9.501471638154317816e+02
2.562553263092941620e+02
1.026306783852292597e+02
5.040644644827091838e+02
2.838507883464412771e+02
1.162050902967704786e+02
4.963916487535351507e+02
9.459571409807068676e+02
1.606348597935059388e+02
1.080255082255027446e+03
2.274793254892592813e+02
3.315805964243295989e+02
1.536576185058718238e+02
2.121731685332314612e+02
1.977134180973932587e+02
7.488231729926420712e+02
2.411822584823418367e+02
2.209225424213084352e+02
-3.433628429528746437e+02
4.574296807239501845e+02
4.933503312082779075e+02
2.415949709296352665e+00
3.251519065925995164e+02
2.640601728462559095e+02
-1.949225620760413733e+02
3.646875315508172548e+02
-1.635451465975202723e+02
1.769635337526750334e+02
5.265810237615532969e+02
2.406260370961630031e+02
-1.598783299288140540e+02
-1.143244334373045632e+02
2.497172686584600569e+02
6.319761389777936245e+01
-3.591597945994222130e+01
2.102484665442789833e+02
1.295183351251593251e+02
-2.507033086254029541e+01
-6.756618064138223190e+01
4.811179536633827638e+02
3.428120105264986819e+02
1.752923141682209689e+02
2.585977179972512658e+02
4.901447980143999530e+02
3.470016407337856208e+02
8.137497878456423450e+02
8.539802311308281446e+01
-1.021645871041770306e+02
5.999718861698753472e+02
1.523550521248823202e+02
8.602853841081864061e+01
3.689434460621794187e+01
5.075202164747304892e+02
4.023421588222792025e+02
2.388538241496947876e+02
4.132659397967245241e+02
4.786315739688988060e+02
-9.684536589684174146e+01
3.294290352214815698e+02
6.128667728302572186e+02
2.956133385322263507e+02
-1.257210508383674892e+02
7.081034158350355483e+02
8.535435907303373142e+02
5.316124099486030445e+02
2.623626002952626095e+02
5.763916679126976987e+02
1.948192433234476653e+02
-2.015498563491445339e+02
6.365741587846368930e+02
3.870469758828041336e+02
1.568852861093834576e+02
2.327964353215748190e+02
3.442956220247316992e+02
5.688332679424614753e+02
9.377043199088367942e+01
5.559217687011150701e+02
1.469524461287699069e+02
2.595565032190020816e+02
-1.427020893762412470e+02
2.824034474382888220e+02
6.353391702360811450e+02
2.960186683824430247e+02
1.357644692310144308e+02
5.592017394791745346e+02
3.689244379946030676e+02
8.926361975435399643e+01
2.216123457552116065e+02
6.933020971607921012e+01
-1.541148969684832650e+02
3.611769681613889560e+00
5.035759137470538462e+02
-9.708817504440784774e+01
-1.502230926680015699e+01
1.256214293743580583e+03
4.205519500992913606e+01
5.118648497800970887e+01
3.816798794425767483e+02
1.687591923807432579e+02
6.154179501954910165e+02
4.734685716264034454e+02
-1.949519194257916865e+00
4.346174995294716155e+02
5.568532349993013213e+02
2.959136518099046498e+02
8.437905087144997651e+01
8.694015630732182842e+01
2.536579482489501629e+02
3.961565626297445988e+02
4.176772287506994275e+01
-1.170690298692579745e+02
-9.377547361398633541e+01
2.606117355493936429e+02
2.279363865273940348e+02
2.150175127989809596e+02
1.674838924382027585e+02
2.153559062526828711e+02
4.870341500494092770e+02
-2.779088379784124641e+02
4.130627939426016724e+02
4.304603771660979561e+01
3.530976081134762694e+02
6.274419625839481114e+02
-2.269421836357873872e+02
4.978332922310915478e+02
4.634073414555052182e+02
2.865753056306527355e+02
7.568820562309376783e+02
8.918900606209936655e+01
1.705383958480073545e+02
-1.256110972320796009e+02
-1.102113541294116743e+02
4.195723822667121681e+02
-3.024542268583332998e+02
1.281300874264811114e+02
4.226047065918132830e+02
1.050953833810977756e+02
9.819222953248680597e+02
4.354366459142015060e+02
4.696615936546000114e+01
-4.823308680470012177e+01
1.100962656340327896e+02
6.720354657831302347e+02
3.065655685689179677e+01
-2.540397603204675647e+02
6.008365818319218761e+02
-9.578497056241921825e+01
1.117811024279277490e+03
5.816321680302002051e+02
2.471653694432624206e+02
5.169937277783021727e+02
3.056191179679946117e+02
1.336499336229293817e+02
-6.358386203731949138e+01
3.654711773153098875e+01
1.155109143126298648e+02
5.382807754058032970e+02
3.202716620329067609e+02
1.169493674444504450e+02
7.685362656852248620e+00
3.318738662058191835e+02
4.290069330886466048e+01
7.323754082930507820e+02
5.796682755718403968e+00
6.750729929426782405e+01
1.639224395290103757e+02
-1.761268033253517160e+02
3.771619029109573944e+02
-1.846585791004260813e+01
9.337260964006958375e+01
3.341600940532545678e+02
2.069519974594903431e+02
2.622211157428083084e+02
2.757500833845595594e+02
2.113723598696020645e+02
1.374641697967419418e+00
4.405456563484012236e+02
3.069393618705128119e+02
2.553471847665383336e+02
-2.095126312189686928e+02
1.431423739144137812e+02
9.640858116402702080e+02
1.597308230313252579e+02
5.482317377721565208e+02
7.182259992437684559e+02
-1.615042302149146849e+02
-4.663730100756005754e+02
3.951853526588200083e+01
1.104554560453955219e+02
7.497037484136316152e+02
5.178113835759036192e+02
8.798396160785545135e+02
2.277611492375384046e+02
5.107344088350705533e+02
2.687864751213732006e+02
4.192744929220587551e+02
7.282457342748804763e+01
-1.265173571955628944e+02
1.787053708545171844e+02
3.835191805754570851e+02
6.001467894013068189e+02
-2.229731010700185152e+02
-3.112184086118450921e+01
3.253643695950311781e+02
-5.840487663406861429e+01
2.999307571076771524e+02
2.753891421580630094e+02
-1.023679728733663268e+02
6.850713201301696245e+02
3.981150519275494162e+02
2.614332338322095666e+02
3.028162037253393919e+02
5.096039495058852822e+02
3.590884624887482914e+02
4.698663312377363468e+02
1.697079378753837275e+01
1.717278568651098567e+02
1.896755245656357545e+02
6.551476491130210889e+02
3.265346935126646031e+02
5.070674471801820573e+02
2.499527594432796818e+01
2.416927543134556799e+01
7.832062032440647954e+02
3.707852406007326067e+02
8.139622408074128401e+00
-2.244452308864069607e+02
2.557512204419836266e+01
5.148077921138882402e+02
6.210682428049776718e+02
1.643534217006831284e+02
1.775623045130476498e+02
3.907341732213036494e+02
3.875460697790451263e+02
-1.624732790365212054e+02
7.979449206996559951e+01
-4.752539674855696461e+01
2.858543723902990052e+00
3.266336753119852574e+02
1.239552871222452382e+02
5.782749430997486115e+02
4.599804376135659254e+02
4.967868656027169436e+02
2.854193742690597446e+02
3.163379318891758203e+02
4.043380007046650348e+00
3.628351010242411121e+02
9.959571289442615125e+02
3.365456813011267059e+02
-2.093912390404968562e+02
4.801479645223287775e+02
3.996977500801078236e+02
8.367875246446838844e+01
1.679240191109975058e+02
5.665778107957273733e+02
2.753554832116020634e+02
2.618009941121359248e+02
9.981413322210933359e+01
5.711695467634581291e+02
-5.486011791210393085e+01
2.058716952109345470e+02
3.639970461017153411e+02
3.101209859356638390e+02
5.328863238510231213e+02
2.670474039256914693e+02
5.321241328281457754e+02
-8.954573204481158655e+01
5.268412754621491558e+02
4.127299150590656041e+02
3.581579948348713742e+02
1.999996457866874380e+02
1.758054247148666249e+01
1.540179849215188597e+02
2.304624775898185192e+02
3.423070105572422221e+02
2.593224220779815781e+01
-7.096716238210477457e+01
-2.356097865187230411e+01
3.147363139041645468e+02
1.132882309226523319e+02
-3.288241409921745628e+01
5.804418959376097575e+01
-3.311424394949923453e+02
3.528894378300431640e+02
5.078851915241459096e+02
5.723076388422894070e+02
2.328190055048184490e+02
7.625507077184706759e+02
2.733509554967466784e+02
5.532974669457703953e+01
-8.119539654468630374e+01
3.869549035206159715e+02
9.507798196312616028e+02
-9.389587155855352307e+01
6.844288427114037177e+02
2.540407570970906477e+02
1.939828676672001961e+02
3.303594019006914095e+01
1.299667590113887172e+02
7.290564900245715307e+01
3.141377862966060093e+02
-1.213726106393275188e+02
6.380555159623771999e+01
-1.538007528045794743e+02
1.168982405793505563e+02
8.495392736348213703e+01
8.512245760279633089e+01
1.220549548725251157e+02
6.564781378728405343e+02
4.605327912611993497e+02
1.444294159953981591e+02
5.075579471901108377e+02
-4.726355192304081356e+02
7.279219276169999375e+01
-2.655505631873051584e+02
9.457930008266924915e+01
3.389701908339801548e+02
-9.382050343035193407e+01
4.917564908115779758e+02
8.459395619335180072e+01
1.674785984191027524e+02
1.081920381076169178e+03
-1.939135778134191526e+02
2.022009972472023946e+02
2.637384005847119965e+02
4.619054463797209564e+01
2.019678813642810269e+02
-4.961792150208618324e+01
-1.845915857639360809e+02
4.206815895283481268e+02
2.979255653358405311e+02
2.257708390751908212e+02
-1.998026963407554035e+02
2.978279179018256286e+02
-1.154673780066328845e+02
4.406653596793318570e+02
-1.529474064400992290e+02
7.191885720503677248e+01
2.307415901623504624e+02
3.714375973546967202e+02
8.362636910226451619e+02
1.776210742315261371e+02
6.595459637926666119e+02
-9.651297927061045812e+01
1.865272842714563239e+02
2.004021257157313016e+02
3.796812054635826712e+02
2.419584971115694927e+01
8.871420825186794445e+01
7.276513685706104297e+02
6.810080197474667330e+01
1.625736734171012188e+01
3.888348537033379557e+02
-6.508338851464294805e+01
1.192026302495508389e+03
2.744268908942025291e+02
-1.820838668380557124e+01
1.676701317437244541e+02
3.200092585985087226e+02
-2.446550542875313283e+02
1.465412262493505864e+02
4.770991199819211488e+02
-1.580024366671694054e+02
5.857213914496024927e+02
3.819165826916268429e+02
3.939087694515838507e+02
2.766537597055051947e+02
-1.476686273103846077e+02
-4.716630444910534692e+01
1.333584131986987842e+01
5.906680229360467820e+02
1.982149400945546063e+02
-2.982509178099214182e+02
6.385352047283779484e+02
-2.038393886369403560e+02
-1.415033299012687706e+01
3.131061147141443257e+02
1.911788206227355431e+02
6.491480873649594514e+02
2.081135212342800855e+01
5.097173756672255251e+01
2.350669271456247600e+02
1.764210576371569346e+02
3.665151858685875368e+02
3.562287999893437132e+02
2.933491324355858296e+02
4.308707477626436457e+02
1.226085830740936160e+02
1.404924160454472997e+02
-9.013813770928385338e+01
-7.087302967601000603e+01
3.430466401424506273e+01
1.080807372570753842e+02
-2.164917720557698431e+02
2.152698753888986971e+01
2.573493769969554705e+02
-6.136979651447277462e+01
8.642734170202027144e+02
1.053831173482791144e+02
4.001345534536268929e+02
6.202266210502801158e+01
1.185575755232178778e+02
2.286753656727059933e+02
4.137133594956688967e+02
7.095668053660805299e+02
-9.815976935001575043e+01
3.164312561080381556e+02
4.125639660350230997e+01
3.040045832139299478e+02
5.240970223922184914e+02
2.692946398487249553e+02
6.190093138059221474e+02
-1.056179187805317525e+02
5.563259017966924347e+01
7.388124681283366044e+02
3.902993609360361802e+02
7.268530107449895468e+02
3.123084899081124632e+01
-1.381214775293877892e+02
4.487029272924146994e+02
2.402766265291954539e+02
1.753385707111806937e+02
-8.955397959716114542e+01
1.127500453279232033e+02
1.907560796185178162e+02
1.963344349008896188e+02
3.021464186582406910e+02
1.360121544708875376e+02
8.853120170640646620e+02
2.143011217637573225e+02
4.003445750998509425e+02
-1.721032147430285590e+02
-8.543597783601075690e+00
3.582028315233289959e+02
7.239282545476420694e+00
-1.190686365666180109e+02
-4.313309242134290145e+01
6.806737241498334470e+02
2.483004740675904429e+02
-9.430831611319986507e+01
-1.804862264748551866e+02
1.232823672579371305e+03
1.623027462352023065e+02
1.639567917473627858e+02
6.173355211661557007e+01
2.292861534413154345e+02
5.471911034309729303e+02
-1.008801838327757565e+02
-2.641444017996362845e+02
3.141389568750481658e+02
-1.880127010177164664e+02
8.842225705646332017e+02
5.681421678500775840e+01
2.392130932953244269e+02
-1.333805100026755213e+02
4.841585065802082966e+01
-3.787282589672365702e+02
2.356072759854102117e+02
1.466003407957964555e+02
2.991961508751434167e+02
1.598118838364483452e+02
3.811862865298608654e+02
3.387581527705759754e+01
3.176664559484200936e+02
2.587789176946240559e+02
2.387234646430285636e+02
2.887869656494212904e+02
5.794944094774176619e+02
5.076834880420973377e+02
1.993725007813354182e+02
4.855109786125137248e+02
1.424169134796360936e+02
-2.293909481646063853e+02
4.738662952269012294e+02
8.095373618255570136e+01
3.684601726921305271e+02
2.046122321585527004e+02
-2.087798212806576714e+02
-3.289849681659821954e+02
-1.029052336173817821e+02
4.006976179434414007e+02
2.785227920528242294e+02
7.963858378341654998e+02
3.793508194647918685e+02
1.326673852382853624e+02
3.812562479982431540e+01
4.746298711664869785e+01
3.161418887244735743e+00
-5.177832430754270376e+01
5.719779492332867221e+01
3.925847507231029567e+02
1.732002254099017478e+02
4.864760046395892914e+02
6.117726433153828793e+02
-1.195298455813843219e+02
1.929002343841537481e+02
6.640998795490278326e+02
4.111284659621205151e+02
5.740713581408137998e+02
8.469719048617554336e+01
1.497572462701821223e+02
6.018144985701162568e+02
1.598336762397023563e+02
2.333114126753499136e+02
6.715395841070819642e+02
8.443822575750783699e+01
6.271619200646219383e+01
-5.457596083700489231e+01
1.286578292035708273e+02
7.019450412043729557e+02
1.521912620193469081e+02
5.415154588639393296e+02
-2.331797760537906754e+02
3.636428278718391880e+02
5.131254943189745745e+02
3.869992521616807721e+02
1.966651006553670129e+02
3.192329247605747256e+01
3.953408337071458618e+02
-1.240663873431999207e+02
2.491705961787155843e+02
-9.520266163044865948e+00
1.042131356117851965e+03
1.917642021664011907e+02
2.197433315756234151e+01
4.031168160537290532e+02
4.410886513164917915e+02
2.161494954719669437e+01
5.496356686681951942e+02
