5.094308284809820293e+02
1.034695307711864842e+01
3.944665319802721797e+02
4.169177987152622222e+02
9.452604949556380234e+02
6.188603275213180268e+02
4.247148771290458171e+02
5.577063196633564530e+02
3.840973111754964862e+02
3.214229338047074407e+02
-4.016820583710796200e+02
1.643580135698281595e+02
3.156245171089326504e+02
1.583408577992391884e+02
5.120538077443400198e+02
-2.062055773786840120e+02
7.432084597535670127e+02
-1.460442042082500507e+02
1.799645918406695557e+02
1.082279796475493413e+03
3.643271400912325362e+02
3.812614428225076608e+02
6.468017000644398706e+01
6.128061233789357232e+01
2.665888853252394597e+02
-1.073830877977103171e+02
6.030389947391070109e+02
-5.632901814601595447e+00
-6.852038319280495671e-03
4.514558766394305849e+02
2.802521335316641284e+02
9.630890723344301705e+02
3.468158572256318166e+02
4.690816697708364131e+02
8.881445377780906938e+02
4.811752536425460107e+02
3.755778278306795528e+02
3.622872950363343421e+02
2.325983202758847597e+02
4.837493844592294749e+02
-3.670923726054072631e+02
1.955431607983693425e+02
-2.239234891933876952e+02
6.404878389443571223e+02
1.500988907624175397e+02
2.883546206038332684e+02
-2.134309276445504793e+02
-1.101821295001372221e+02
5.885848106595524314e+02
1.986156867749528487e+02
1.530308903873225859e+02
-1.267638369890533738e+02
1.113322186442250086e+02
6.555112477081844418e+02
1.759185828233113398e+02
-2.660684561466504761e+02
-2.443869977365006889e+02
-4.946236272911053220e+02
5.582044562255101710e+02
-5.044093107449172209e+01
2.989783800084564973e+02
-2.576885989676825943e+02
3.294696526947358279e+02
1.331951336981362829e+03
-1.379896468801307492e+02
2.578638865686280610e+02
4.191726458609796282e+02
6.744495916532154070e+02
8.956852911760961433e+02
1.265097504220892972e+02
2.267495155632967681e+02
-1.929401519987185054e+01
2.184938766943284634e+02
1.682194090801576181e+02
1.702872346403784718e+02
4.254596970608629931e+02
7.138637581986570240e+02
8.885616910426749655e+02
5.113332468068737739e+02
3.883429301398926441e+02
8.189112611924183511e+02
4.522591214655304270e+01
5.092286864245637616e+02
3.447977308350662042e+02
4.204283353776355625e+02
-1.522523646822385786e+02
3.148956432686642870e+02
3.041140381904036758e+02
-3.193785125609870761e+02
1.354486782898834747e+02
1.579782351897954982e+02
1.855155257261237978e+02
-5.399625183698229591e+01
2.265174286719350221e+02
5.245015425807583824e+02
2.307667296193308459e+00
1.076956290775362532e+02
-1.928220706982388606e+02
4.199933319923997743e+01
-1.569907894310740346e+02
3.299415026658473380e+02
5.429540900985649898e+01
-1.940750152391566985e+01
5.705024639624508609e+02
1.831997564952094990e+02
2.712080767302458071e+02
7.633859531646055530e+02
-5.728603736290460802e+01
2.741180250800692875e+02
4.130519927349934051e+02
2.483565587853123020e+02
5.404742212993696739e+02
5.973506303264232997e+01
2.009620599063011070e+02
8.163942363916330578e+02
-4.789718837529320012e+02
7.123726914129167653e+02
7.896680903000381022e+02
1.162858631996250693e+02
4.958047167830101785e+02
1.108772565223511720e+03
1.105320327685804358e+02
9.786650546574821874e+01
-2.886035896222952033e+02
4.313184780970706242e+02
6.741442825059737061e+02
4.857847624929222263e+01
2.283285477204573226e+02
8.068086606357334745e+01
1.441863206549858774e+02
-8.553987152621081691e+01
1.144917878005897052e+02
-1.946453927356846521e+02
3.939200630271868420e+01
5.903496856248672202e+02
6.614380367707143478e+02
5.920540793825714445e+02
3.375228261633940292e+02
4.822448722307473759e+02
5.797196677890226368e+01
-6.864292268898631733e+01
-3.395826886975661552e+01
1.301563316795307301e+01
4.764231927076075976e+02
1.703823251968153727e+02
4.654940520846045615e+02
2.710639463683904182e+01
-9.817000557159781238e+01
2.825530054791372336e+01
-5.755842183861688000e+01
1.723484731224765767e+02
5.584913542879576198e+02
1.678971124504651016e+02
6.313962523195981476e+02
4.311623101289156068e+01
6.229045570082489576e+02
3.299109524625326912e+02
2.216214928795019432e+02
-1.145272588649629881e+02
1.326763893359249550e+03
1.555890655373011953e+02
-3.976904341719952640e+01
-3.949633715506330844e+01
2.151802665230156890e+02
3.252676581828760618e+02
4.569391248351018930e+02
4.497584390190296517e+02
9.467406686614057776e+01
-4.049018936168796472e+02
1.176631421230237265e+03
4.751269399183481710e+02
-4.146180085323938442e+02
3.632838798834269483e+02
4.297275550223797609e+02
1.622264955327779887e+02
1.828961505061218418e+02
5.603185110599108611e+02
7.770998803394048764e+02
-2.237679389643639638e+01
4.561460822119881300e+02
-1.848218629640115864e+02
6.166024459517460627e+02
8.353683828118070096e+02
7.037152804040027831e+02
3.963154002210074509e+02
2.487683353526482790e+02
2.721260029800785105e+02
3.381688657252213943e+02
1.718321576933831238e+02
9.104991948265271731e+02
9.423086957828932100e+02
3.008105573611359205e+02
4.466661098622631698e+02
8.799720600857175441e+02
-2.436396182290905301e+02
6.794315504523642630e+02
5.962362489978128224e+02
4.425333432497384365e+02
-6.701451494821311883e+01
-1.010803002766807879e+01
-3.988302471468761468e+01
3.293931872797492133e+02
-2.528148257261814535e+02
3.362098868327852301e+02
2.253869913717458644e+02
9.750231496716077118e+01
1.036974909895033647e+02
5.202329958333670135e+01
-1.740228030363395106e+01
-2.368157205769313407e+02
-2.342153021336747827e+02
-4.371124837213229171e+02
4.192656207023723027e+02
4.850490614376944905e+02
4.016974856725769314e+02
6.542814057705686537e+02
2.124144932892138229e+02
1.684447127862484450e+01
-1.323204715278867383e+01
3.736328057897950998e+02
6.973480884926387944e+02
-2.102642908814268594e+02
-2.093756299640333509e+02
5.834463920655103664e+01
1.611838815158660054e+02
-1.650344544302178633e+02
7.557941987021627028e+01
1.977345597700230542e+02
2.542447043673642071e+01
6.225358313498356893e+02
5.613384880613879204e+02
-6.309991876054809268e+00
1.026764816325783386e+03
-1.632700639165728091e+02
1.886246028371712384e+02
-2.765508863274579099e+01
-2.463185907936824321e+02
6.050506276657711169e+02
1.221584572597891167e+02
3.240015949377490756e+02
5.513378324239549784e+02
2.420743659492307529e+02
7.857110197935039650e+02
2.330457165472627707e+02
9.161260057939256285e+02
9.125029631681937303e+01
5.232438148559114097e+02
7.826793566115307499e+01
6.964060085335597705e+01
1.861850667453542201e+02
2.347276668268673916e+02
-2.712795581799633737e+01
1.815763455245079570e+02
6.646988109868892707e+02
8.142414552000126378e+02
-4.947682877315182850e+02
-6.493098573224526717e+02
-7.392873955969101019e+01
8.982219189293445538e+01
6.232152655626306341e+02
4.710854038176697145e+01
-2.064005311480306375e+02
2.547765592073878906e+02
6.428346275453358203e+02
3.732153723410395969e+02
6.344893751604655563e+02
4.290028321263807811e+02
-6.318132423244988161e+01
-1.567547245854560458e+02
1.512956994870952030e+03
6.406955918237913465e+02
-8.143321157055653714e+01
9.462960337441070635e+01
-2.246017793292303395e+02
-5.052830667494980332e+01
1.167561454513416805e+02
1.008370999274423525e+03
1.244478214459422105e+02
9.656765995964315152e+01
2.246767157960045438e+02
4.638267653118335829e+02
4.716411710552990826e+02
-5.152311603135489548e+01
3.782040822276256620e+01
2.396073271198540340e+02
2.630422776689547391e+02
8.795761611995574185e+02
3.093431576915797621e+00
2.636266284448345232e+02
6.722875452047078397e+02
1.275254064434392376e+03
2.473814011334586667e+02
-1.654332309306296338e+02
3.573969031508391936e+02
-8.734360672981685525e+01
3.361720704233976562e+02
-1.186494112580596294e+02
-5.440195757578086244e+01
9.900030931975530279e+01
2.439147290270215365e+02
-1.177493489687494730e+02
3.297370400271808535e+02
-1.561512423562229657e+01
-4.526759142985749662e+01
9.309354966778664675e+02
1.405620440606404884e+02
3.981230890502935438e+01
4.276893008984808375e+02
2.206630424128579477e+02
-2.040388515042915429e+01
4.396468327380665642e+02
3.611481982402124231e+02
7.393537476170323544e+02
5.032726756583581960e+02
8.933314614065858450e+02
1.087555621885676146e+03
-6.821094893744663068e+01
4.677182872074428701e+02
-3.280877297103569958e+02
5.621656289149375425e+02
-1.751941705405494929e+02
-1.221577467075075560e+02
4.733318810833994803e+02
4.479992211753714173e+02
1.678895616875715007e+02
3.908256016150510277e+02
-3.309795296510097273e+01
-1.067503009113592327e+02
2.894505772003050481e+01
7.130942331938305188e+02
4.001122828744946958e+01
-3.871696918912660976e+02
2.919504394415199400e+01
5.681247231841874878e+01
2.685774023241042983e+02
4.984268017833948079e+02
2.285847610582965928e+01
-7.982781122844079391e+01
7.908312068489827595e+01
2.879158853475664728e+02
6.790421244735565551e+02
5.142978553649627429e+02
1.650951778724939061e+02
3.741366061213384455e+02
5.745563041318955584e+02
1.084536151956858248e+03
7.801378165857374825e+02
3.539539875932053974e+02
9.324765489839542454e+01
1.226044857117766753e+02
-4.660066782897370103e+02
6.545962485915156321e+02
7.841949660992003146e+02
7.536903769530013051e+02
1.652516881347499407e+02
2.919252533916330776e+02
6.922503585169577036e+02
1.930559167655751480e+02
5.381797256729125820e+02
4.855312487502767453e+02
3.657939662314547604e+02
2.245005629360172463e+02
5.463302074365188901e+02
5.625020443602946898e+02
6.849980715018291448e+02
-7.105514060921859709e+01
-3.326982146729048395e+02
1.867760649815090233e+02
2.707985740177382468e+02
4.826668533528928151e+02
8.238857283405005205e+01
2.795911342107250448e+02
6.312912083309428226e+02
-1.731733843742589443e+02
9.086734340308609603e+01
-4.287477104051176298e+02
7.827808833253013177e+01
1.209981089099534586e+02
1.040084367550774971e+02
-1.958013037626352286e+02
7.663179145806871020e+02
7.269559750580505124e+02
4.853229879474468476e+02
-1.212216127649131323e+02
2.579225933236455717e+02
9.661046798069951080e+01
-2.513312305125080002e+02
1.302102089472868158e+02
4.455096435058790405e+01
1.214752372701557022e+02
2.624343541075909343e+02
-2.153909707300713876e+02
1.018476456343541798e+02
5.863549644622054302e+02
-1.458795484595511738e+01
-7.219747771239892131e+01
9.808909364135790838e+02
9.454689544157318437e+01
-5.994789883970308608e+01
2.249981552483768041e+02
-2.504908292268520142e+01
-7.633037771152768869e+01
-7.766799629349029033e+01
4.739878021088256332e+01
2.376282188095433412e+02
5.905340542215196820e+01
-2.251785893570470876e+00
1.248754589126577130e+01
-3.761857109401123012e+01
3.215670172745353170e+02
8.610173964096666168e+02
-8.660552223606698590e+02
3.202480456551724615e+02
7.528336203923889798e+02
3.430481896526405308e+02
4.761815051276356030e+02
5.591698062947565404e+02
3.494642208160794326e+02
6.321157061125733208e+02
2.364343625733150418e+02
5.251968662959269523e+02
4.332290628753489727e+02
6.344666491357302220e+02
-1.827113197230333697e+01
1.940742329067423668e+02
-2.471272080479581490e+01
2.857381875342406374e+02
2.007861060245970179e+02
2.747625403617439019e+02
2.019224933630547980e+02
1.330401460496020945e+03
1.043011655034458727e+02
2.747250373876079834e+02
5.355164531327385191e+01
8.326758657873131142e+02
-4.919765473728367624e+02
-6.230544999781528759e-01
6.195916807578025782e+02
6.652144708303374045e+02
7.808651092497639183e+02
1.408253358181399904e+02
-5.244015033240491874e+01
1.744861593992889084e+02
3.239775401174213698e+02
-9.321541191519230551e+00
4.318646086912431201e+02
7.158864922581182100e+01
1.403193487320817781e+02
2.785187116335282553e+02
3.505366409893085233e+02
3.361525587684567995e+01
9.564915647547815070e+01
3.188971221262826248e+02
-3.625445539616039241e+02
2.664204495094890035e+02
1.993129731044942048e+02
1.093334170758162571e+02
-3.145050791077306940e+02
1.922794198623677175e+02
5.410885673007352352e+02
4.508841862647184371e+02
3.514697603307548661e+02
5.809917793225303058e+02
2.295965004590964327e+02
7.465418328963693284e+02
-3.616954375083772106e+02
2.220412795613818560e+02
2.658725037811737479e+02
2.856498023202068453e+02
-9.958352404844012540e+01
3.201724344338713877e+02
5.344511394592724400e+02
5.351468803728402008e+02
-3.027290808558699382e+02
-9.378726505605084185e+01
3.012746854226146525e+02
2.325022110684267034e+02
4.525248341413880553e+02
3.972931807921352743e+02
8.716970367038435370e+02
-1.031355896190912745e+03
3.082242827052117491e+02
4.777183331920249429e+02
-4.063419357445345526e+01
2.882514227084098479e+01
7.757623636694347624e+02
5.492678173403163555e+02
-1.937904366180295312e+02
3.583787149252131599e+02
7.691207723966668937e+02
-1.690999610134694109e+01
1.488376085786262308e+02
-1.394574590458353498e+02
6.599987718125964875e+02
-3.999772124129192008e+01
4.384956366006235839e+02
2.893967209009784369e+02
2.603334807959957971e+02
2.570457811238939598e+02
1.544971806584172214e+02
6.931035322137768162e+01
3.922475619806052123e+02
2.370144298463795565e+02
-5.281569821248098151e+01
-7.532163451995464243e+01
5.904973737995941292e+02
5.512714718054436958e+01
5.201785677301288615e+02
-1.612679028418171754e+02
4.174785632619310149e+02
5.106304789508612316e+02
8.788604294546092888e+01
2.357432112253029288e+02
4.243539815482059225e+02
-4.160302270307001038e+01
3.536930570423201061e+02
5.823917691108846384e+02
3.269487460336999902e+02
-4.993729060846270329e+01
-1.639463097930256481e+02
3.901840785534531619e+02
3.703208582875477077e+02
2.505081485074164505e+02
3.344326965852785065e+02
5.662438801644135538e+02
1.611967923840649632e+02
5.452079359519532318e+02
3.024380644870816468e+02
3.131003321985954813e+01
2.071450589572858121e+02
7.035465695644444395e+01
6.046677557121385149e+01
-5.236054258854270671e+00
1.383108464267435807e+02
-1.711234361067369036e+02
-1.104923148749041104e+02
5.304734672054464681e+02
2.717112153304950084e+02
-5.686709635833484811e+01
3.870188376212561820e+02
4.056634750279870332e+02
-5.078125541649959587e+02
-1.575806175774244480e+02
4.953595693788790868e+02
3.361215982605053796e+02
2.049634604045403563e+01
1.965347387473783414e+01
3.343816013000247835e+02
7.173413291194909789e+02
-8.046550038553064610e+01
1.015891133323157646e+03
8.209079370744137805e+02
8.254355759923456617e+02
2.787303868015530952e+02
3.948955070657027591e+02
-9.054485855924792759e+01
1.741689855422675635e+02
-1.934697644701590207e+02
7.565976039905857533e+02
6.082535833738995734e+02
6.374440329211103773e+01
-7.109382550246691324e+01
-2.990284482151925260e+01
7.562611749938382673e+02
2.251505009239533877e+02
4.058071775461129391e+02
8.689374120754845308e+02
1.009840155304203932e+02
7.901942240262434325e+02
4.665696595770804151e+02
4.898338994469205545e+02
3.462359769281609374e+02
2.761020982466406508e+02
4.433306296112169207e+02
2.666363897367410232e+02
3.844206421169269561e+02
3.144485120863309930e+02
3.354755607907721924e+02
3.901720509529505421e+02
-1.524775020795659941e+01
-3.493158034880681129e+01
-3.415928877320159813e+02
4.184350010080504489e+02
8.864195448381740334e+02
5.107906806087307814e+02
6.013872827817473876e+01
4.378823096324202879e+02
1.945867573763965197e+02
6.776146234467526597e+01
3.905194855468915307e+02
-3.711826693548658795e+01
2.766551697287301295e+02
5.482784692942975653e+02
5.302498056031281521e+02
1.284567883705151985e+02
3.285790082215178245e+02
2.537743220556981498e+02
1.025105181850712597e+03
1.756704059950075703e+02
1.104279862664120174e+03
4.832058897496576719e+02
2.407927430346657616e+02
5.934308866646957767e+02
-3.697289100188020683e+01
5.391981617613017619e+01
4.066564503677995503e+02
-2.735186662341062060e+02
-6.716311887689538196e+01
-2.823277243751504670e+02
6.200527373952702419e+02
-1.281819614438438037e+01
2.490212927055814305e+02
-6.169029869567844315e+01
9.773131832701118356e+02
4.000044481207693821e+02
5.444674202908097413e+02
2.880642167063410852e+02
6.100529700051677082e+02
4.184029984658017725e+02
6.889153277465707106e+02
-1.177677593013619486e+02
1.916680670011120355e+02
-6.121898239733548763e+01
2.278993001907150244e+02
7.833915624353288649e+02
6.477403778335167317e+02
2.080954341889755028e+02
-6.859563420605840633e+01
-2.381262438032792943e+02
4.722013682372906942e+02
2.417201290232000588e+00
1.179934483581539979e+02
5.540621241023688981e+02
3.064763378958017483e+02
-3.470594715498841651e+02
5.188796090484834167e+02
-3.414369733920567000e+02
3.035080806824466890e+02
5.997463554591618049e+02
3.039151160991579559e+00
1.103700924790037163e+02
7.986331630635177703e+01
7.027677314225514920e+02
8.717919858352180995e+01
6.843770501388698904e+02
5.911219190412350599e+02
5.792079709664570828e+02
-4.259945978008072132e+01
5.052667590409327545e+02
6.821160246438298600e+02
3.488220737525016943e+02
4.446252249401696304e+02
1.035255892246000030e+03
-2.298439187478290080e+02
6.924612494516135257e+02
3.594666341589874747e+01
7.960185631476454660e+01
4.244310759094448144e+02
1.641545200394856465e+02
2.955334184596449631e+02
2.759923630990792844e+02
4.388941457659605589e+02
1.459886715640209687e+01
2.816539410521727405e+02
5.900496207630615118e+02
3.349402163612447794e+02
4.993549909048692825e+02
1.262348340961625226e+01
7.004218181119925930e+02
1.033741676931862798e+02
-5.729203551292592920e+02
5.766550818836648205e+02
2.675624793401632928e+02
6.041371433045635513e+02
1.139593202985643643e+02
-5.276363250627340307e+01
1.843668907968202575e+02
5.798586831159828989e+02
9.155736756061455708e+02
2.567105535454775804e+02
2.768255788290195483e+02
-1.946889862522920112e+02
5.201715030605029142e+02
2.961022120141857386e+02
-4.319125281831395569e+02
9.100115703880140927e+01
7.991199288785994668e+02
1.042458701357963236e+01
-3.568464533325347929e+02
5.965774241746037205e+02
5.972625582194331173e+02
6.576295019161009350e+02
9.315070449025203061e+02
4.965837176794960897e+02
7.640165042881771740e+01
1.146852946858449741e+03
4.443869466979942331e+02
4.394960222451455252e+02
5.342294399716329281e+02
6.261479123068925219e+02
7.818946545319273582e+02
2.746424298639505537e+02
-6.470953207589550971e+01
-1.063631414978548264e+02
4.776842008199719203e+01
4.369945718308903082e+01
7.801822599793464406e+02
3.812997505078994891e+02
4.082079098385273710e+02
-5.020493771096568025e+00
2.940950660745011547e+01
1.661279073477771817e+02
2.998869394843916325e+01
2.037813728704115590e+02
-3.022713979391568273e+02
4.895788718523565990e+02
5.041882267434966707e+02
4.154784315142518381e+02
2.821067136301896312e+02
6.648304548013749127e+01
-2.268715056776738095e+02
5.527277591293078558e+02
4.714059482694248686e+02
-1.030292043081849442e+02
4.456401129956617524e+02
-5.489310067821547534e+01
4.117580251869576387e+02
-2.444507530314905921e+02
7.033447005312566489e+02
3.188373717163044603e+02
4.221008362490521222e+02
-2.577892472836231263e+02
-8.168569919740133400e+01
1.650515686611129240e+00
2.332538719482268448e+02
-1.009301789602959616e+02
3.161952262134379907e+02
4.619620342882143404e+00
1.342213448961662152e+02
-1.214103291084371818e+02
-1.088219405326636320e+02
1.503084255274325898e+01
3.774461750830088249e+02
-3.946221239183208809e+02
-1.852240395658065495e+02
4.465724098584719286e+02
3.561272632134844685e+02
1.214369643474349232e+02
5.702084312438129245e+02
-6.381547468820345159e+01
1.892023651233882831e+01
-5.803335597020313941e+01
2.527492829350283614e+02
6.354139431943644922e+02
-5.875818447528407518e+01
1.390910474912861048e+02
3.535752672711468563e+02
1.798576046904285874e+01
3.430549685610535562e+02
-3.062872748237079179e+01
-6.318510534872470998e+02
1.041678564147944371e+03
-4.388073517670721913e+01
3.699096570245038151e+02
-2.136683913527379559e+02
5.007707919432049835e+02
8.045242388727556317e+02
4.672862298337099105e+02
5.212504408186040337e+02
2.425897346827804313e+02
2.938113640421033779e+02
6.865657539842846973e+02
2.659706722771165914e+02
3.743227204310269940e+02
5.690042172680881549e+02
4.652466074290700817e+02
2.886860374484410841e+02
3.896399069056981261e+02
2.965341883668641572e+02
7.144561314273561266e+02
4.613766020201849187e+02
2.262977520679945656e+02
-2.062285500105112988e+02
-2.437600393541582378e+02
9.020832262548987046e+01
2.751377142172089520e+02
9.839493783335072408e+00
1.804613111943273793e+02
4.869459079782121194e+02
1.389541287697379346e+02
1.569085770130406559e+02
1.147605787179557808e+02
3.980607626181709975e+02
2.184287919138383245e+02
3.160635553189919733e+02
9.800765109863107227e+01
1.008337040366439624e+03
5.612699254471235690e+02
5.541789908160620826e+01
5.750477586631040339e+01
4.722391563564627859e+02
3.949927459205300124e+02
-7.474903966552525958e+01
-1.443888015955180322e+02
4.058601275683330982e+02
1.661723174187943926e+02
2.083055256123498395e+02
1.135686263560261750e+03
9.192762935832658400e+01
5.282394759903267811e+01
-3.281297810305032385e+02
3.253072580460403742e+02
2.485977959102071964e+02
1.017660135639572729e+02
2.634495099689457334e+02
-4.459707442219979612e+01
3.672999481043261198e+02
2.645522174750691420e+02
7.189445046190309085e+02
2.477061019837331344e+02
3.134306352676910024e+02
4.776525544659158413e+02
2.256859521709886280e+02
1.152445112414908692e+02
9.913078951202913913e+02
6.374901428579138383e+02
5.540456423888392692e+02
1.066590146267122634e+02
4.413423486490653431e+02
3.618294502689876708e+02
-2.414538677333197825e+02
-2.576181535170996995e+01
1.698000699803004068e+02
6.030131479081582029e+02
4.817168534755414839e+02
-2.213312257375104650e+02
7.940040520206483734e+02
-1.183268269637339785e+02
2.152805851790039355e+02
7.831031610147032040e+01
6.732718860468061166e+02
-9.762386510595763411e+01
7.036019954287804694e+02
2.409134231609974393e+02
-5.465426756369802206e+02
4.952818494922530022e+02
1.665492272822923496e+02
3.940022274012981711e+02
7.807747242235976159e+00
5.586096496571403804e+02
-7.711727358377592623e+01
1.542839926054952571e+02
3.824012651098761353e+02
4.045656184989425128e+02
-2.351393106357051579e+02
2.267921878987961009e+02
1.573984100409579696e+02
1.563753801933681302e+02
-2.661978074486146539e+01
1.419817532730404253e+02
-1.857536058869588658e+02
2.345040152442019803e+02
7.573097538951464003e+02
5.841772165415590052e+02
-1.108181749542235082e+02
1.281323337757433762e+02
-5.137688268573118648e+02
-1.470743748197740786e+00
8.182793212491944246e+00
2.802444966728999702e+02
1.341927191611272576e+02
3.212127592333572466e+02
4.330605844340902308e+02
8.864204560625018985e+02
3.838146454517784036e+02
6.777268569175811308e+02
1.417504444608861434e+02
8.497671072883282477e+02
-1.786938345007319811e+02
3.190564226027644281e+02
-1.524583629037952903e+02
2.131531627175476160e+02
-3.272752738905477372e+02
2.612250318260545896e+02
2.087910300411773790e+02
2.024705938947062691e+02
-6.496759106903644465e+01
1.242125300691522511e+02
2.473514185551607625e+02
2.135713813608170142e+00
-4.006249707933396280e+02
5.947659786548701959e+02
-3.025989752997617188e+02
-3.402571088771313725e+02
6.540265306787374584e+02
1.007948614737633989e+03
5.038184407385486452e+02
5.517662711796592703e+02
4.249145425198645967e+02
1.131082519329008136e+02
-2.667781157489095278e+01
7.777119923196296440e+02
4.666510514979230493e+02
4.187109812355813574e+02
9.379672086270575164e+02
5.933965014226964740e+02
1.876928473304096201e+02
3.973344531718855137e+02
4.216978768463743421e+01
2.997035051505969250e+02
3.821175784982502819e+02
-2.800714583823683483e+02
4.840019026275193426e+01
6.624529380111483761e+02
1.619776413898723035e+02
4.782722562142017182e+02
6.371093332391121749e+02
2.450726727072222104e+02
3.019581209267068402e+02
-1.754294646303907257e+02
-6.535556217090240239e+01
2.344694561302960096e+02
-1.447806593890909994e+02
-2.740967770534504666e+02
3.821742576909213653e+02
-4.401444204092054946e+01
-3.968744443923422978e+02
7.552101955189059481e+02
7.385903053693479023e+02
5.500981293786994684e+02
1.953290573005729982e+02
2.983692600095669150e+02
1.807360074517889075e+02
-1.979728661848320144e+02
-4.837036525515980401e+01
5.346759173798043321e+02
1.248331379555555714e+02
2.304777085239607572e+02
-3.771015098604943887e+02
-6.569392796829156111e+00
5.608963713119464956e+02
3.951019808577405001e+01
1.166679244574288816e+02
5.419928225825854042e+02
1.936614998263921450e+02
1.271629799159132119e+02
8.084437767725022468e+02
-3.331460152331080735e+02
1.964257850800898808e+01
3.082700642449373163e+02
4.981357751489445036e+02
-5.939776192181459180e+01
-1.842385680559437588e+01
7.399183147785031451e+02
4.255039846498196425e+02
6.501970382290976431e+02
1.088980406417837941e+02
1.450755377071873795e+02
3.160020636799192744e+02
-2.548867334403079781e+02
1.370249055014780026e+02
1.911691466454520594e+02
2.276451223007789508e+02
3.661363849294474448e+02
1.081426570593934855e+01
1.208467335535813021e+02
1.689821385297423149e+02
3.119722975166773722e+02
-7.178080410578516535e+01
-4.828841587223014642e+01
-2.319483657097960361e+02
6.231031925973215380e+01
1.156704429140316051e+03
2.088438353791608790e+02
3.209395199387791422e+02
6.694817813124080885e+02
8.933683257233149106e+02
6.261989173162397719e+02
5.880258106369958568e+02
9.282430354344263890e+00
5.641852017750962887e+02
6.153471537048724258e+02
2.310962492950007743e+02
-1.931120191751113424e+01
3.887839578709532589e+02
3.933587272544676807e+02
1.205060461183237663e+02
-2.421150187170968024e+02
2.763233839596077246e+02
-1.653567785011820774e+02
-1.909049968912785289e+01
3.740342099053430047e+02
1.604523988539322318e+03
1.495172518758654405e+02
4.085021362689545299e+02
3.573945033933156878e+02
-3.045119051781748567e+02
-2.338356183898999063e+02
7.143870691486454234e+02
-2.139594990621639283e+02
