5.640735203912508950e+02
4.955011836098338449e+02
4.040058411898728536e+02
3.139332702877561943e+01
-2.370520561200027885e+02
2.044979527447369776e+02
2.928380851849913711e+02
7.170768248372581866e+01
3.230616756576907846e+02
-1.894361901571505200e+02
-3.137237901285969315e+02
4.860789958450358768e+02
2.424652214359319657e+02
1.267757642615974021e+02
4.072538823500777738e+01
-6.333222633603016050e+01
3.727351205745470679e+02
-8.847883114033928109e+01
2.048191540940103721e+02
2.132662551913895754e+02
2.639989958293701875e+02
5.154962628908820079e+02
5.916754177874043990e+02
7.375798982550281835e+02
2.461186790593964417e+02
-2.234451091335014539e+01
2.589120900820655606e+02
7.164914456459742951e+02
-4.153959330121054450e+00
-2.672148563994590020e+01
2.619416890190489866e+01
-1.411440395256231000e+02
4.109398073957213171e+01
1.215165756550895537e+00
2.861013275048082392e+02
3.126353092295815941e+02
-8.528156383670119567e+01
1.196690593846782349e+02
-1.842299163853285791e+02
1.592440862543922435e+02
1.928808922926927778e+02
3.972990292695890275e+02
8.119330569344376158e+01
1.099166340944770326e+01
3.517133143690567181e+02
-7.720733314357423183e+01
-1.974278761377341311e+02
2.908738007787443962e+02
2.911826970338599949e+02
3.415851546547769431e+02
-1.078621590373988255e+02
3.178877659918618193e+01
1.083011382768459328e+02
4.177379418921306637e+02
3.437895196812006020e+02
4.005250632042708503e+02
1.553308311425448665e+02
-9.039368339327023705e+01
3.736306482272637481e+02
-2.234903117962470560e+02
1.556362992695800358e+02
3.866748996995155494e+02
7.778637200774329585e+01
1.264994167144069337e+02
4.789368772307223594e+02
3.751745664284443933e+02
2.378491832068868916e+02
5.370030405084078211e+02
-3.247544584593804018e+01
1.957027016551574263e+02
3.026389914142380348e+02
6.212974705362601071e+02
2.764541483791712153e+02
3.285836854041026527e+02
1.043314349470558113e+02
1.308145517538902070e+01
2.682815300856652243e+02
5.482880606523693245e+01
7.696465062509578274e+02
1.460650593666204031e+02
-2.910010780419431597e+01
-9.035969203533262828e+00
1.606826945833011422e+01
7.303137982564888944e+02
4.915555418742842448e+02
7.873286761625065537e+02
3.563488091905375086e+02
-1.708916279523317598e+02
-3.595157581704264658e+02
-2.429486479997051447e+02
1.194597345502604639e+02
-1.931407796950539790e+01
3.795120017315816199e+02
1.403567109310522767e+02
1.342237927812093403e+02
-4.950035640363287825e+01
3.580454890692733443e+02
4.241329603341748680e+02
-3.214420138108744140e+01
-2.746800211574472996e+02
1.404230424423489012e+02
9.318297778191460168e+01
3.308146898091912362e+02
4.229103771268608511e+02
3.419418272478313980e+01
6.387954100942782816e+02
6.176673186525305255e+02
3.950569596277995856e+02
3.220767515015200502e+02
2.457624787334704308e+02
-1.397048166378276335e-01
-1.048345653799543697e+02
-6.653295102889535428e+01
-1.256524308118215032e+02
2.871529358911428176e+02
1.994136615262411567e+02
3.622910063695561007e+02
-9.485808347202898005e+00
3.007397418028131142e+02
1.568963993977736493e+02
-3.364252785575269655e+01
5.608126654651167087e+01
6.406434961489841271e+02
3.048664660054789692e+02
1.035431365384269782e+02
-1.098290211861783092e+02
3.496283589506956559e+02
1.760843322569656380e+02
1.504941040692712590e+02
2.604909166496411785e+02
2.966032158943135641e+02
1.848156265305722172e+02
4.833255027267005062e+02
1.927060667195737054e+01
2.253752082221567719e+02
1.670036576498207239e+02
1.260813504389319633e+02
7.479715187215731476e+01
-7.025289791396926375e+01
3.909738945870579983e+02
3.934367610476165282e+02
6.867637171369779026e+02
2.395222961004955380e+02
1.797396889819779986e+01
1.036186183499032040e+03
4.416892535535875197e+01
2.008652438547035217e+02
6.913891799202303901e+02
2.061377554188651402e+02
1.111234503220095178e+02
2.226778739360350698e+02
2.694765582427374397e+02
2.819860696042624113e+02
-1.979541838999902836e+01
-1.009789546058285765e+02
4.494089285987255948e+02
-3.043306280585097170e+02
1.426352438203629447e+02
2.101350869852679182e+02
1.805756244178766678e+01
8.939605428896479111e+01
-3.161886067917933474e+00
5.207427591065591344e+01
-2.729796320834630023e+02
3.398032319335506486e+02
1.872171363257283474e+02
2.055341931679190566e+02
4.373004042732956691e+02
1.456920395949361478e+02
-9.375305194250492491e+01
4.559236970668454205e+02
2.225264451900044662e+02
2.555285531730514492e+02
4.884107047567550808e+02
6.013827122204505713e+02
1.512141155895112092e+02
3.314929446123404659e+02
1.033263732578613769e+02
2.424251322372792572e+02
3.589629819898893857e+02
8.551729573914015248e+01
5.639169369856537060e+02
2.427597775994036340e+02
8.882425772524045442e+02
3.787905292763919078e+02
1.366393037689975927e+02
1.659873542000606221e+02
5.093465461788243829e+02
5.035992545365412525e+02
-7.217174485316654398e+00
3.913341844553953308e+01
4.019689564054768880e+02
4.589875264011039491e+01
1.570187866259212797e+02
2.766802527808034995e+01
1.136180124830558498e+02
5.923385582454573068e+02
5.145408533492634433e+02
6.511129308451974111e+02
1.548897200206609170e+02
2.662524948374851874e+02
1.127823042255996882e+02
7.158812643350845519e+02
4.625176059085080738e+01
5.577476536727649545e+02
3.065679875566298165e+02
6.498617988449926770e+02
-6.235810082987070757e+01
5.736873690975908175e+02
5.096303938461085750e+02
2.522896304676434056e+02
2.014366738367263849e+02
4.769633422745769735e+00
4.412097925554957101e+01
-1.817065784118178158e+02
2.702668090966477621e+02
8.937291919180220248e+02
7.498557267261514880e+02
3.365556450742344055e+02
4.777813058468661893e+02
6.117198986238328473e+00
9.071127673964971905e+01
2.299610823545520475e+02
-4.085315043145549794e+02
2.168144830800363820e+01
2.444413021467715055e+02
-3.670924739092588140e+01
3.377610131606844561e+02
1.001232772686406349e+02
1.560433193826728484e+02
-3.752607903699257577e+02
1.881701481647293122e+02
4.369988524274380097e+02
4.243568258475456787e+02
3.948443113343374193e+02
-6.209413401647289277e+01
4.389808507708144134e+02
-3.468004903495307190e+02
1.382553700577740983e+03
4.205557844716691562e+01
-2.203264149618266856e+02
2.830716206493380582e+02
2.080705316186233915e+02
6.316150312379980960e+02
2.143558859165663648e+02
1.937208443964084665e+02
3.149046463778466887e+02
-1.937499583374591339e+01
5.266026839399171422e+02
-1.211736292831053703e+02
1.225213706229116610e+02
6.410050466505674649e+01
5.046189566608380801e+02
3.645036478270151292e+02
4.510056499353760273e+01
2.096280958683477706e+02
3.337319038801978763e+02
2.558218553472474639e+02
8.841189519170709445e+02
1.218579153023363091e+02
1.260293790052512577e+02
3.908941384073979748e+02
2.557053309230358309e+02
2.030026106154997478e+02
-1.152982726855207432e+02
6.070471820585582634e+01
1.995052414775832972e+02
7.104598090812314695e+02
5.338910488477526997e+02
4.947788511529722655e+02
-1.971889412533327857e+02
2.189874307429311386e+02
1.459777201989719231e+02
2.503838943018376426e+02
3.463113006011940342e+01
2.967033281595190033e+02
7.474144711157017582e+02
-2.936990667712387335e+02
5.404657001454317822e+01
4.831556039201530552e+02
6.449932381162485626e+02
4.142915645764468309e+02
-1.612057351503283371e+02
-3.920557362443399541e+01
1.867711615011521076e+02
1.844341363857154477e+02
3.476544071590331555e+02
4.444981240105303186e+02
2.920442337585378709e+02
3.258309372111926336e+02
-1.066880907935796756e+02
4.073802306446107764e+02
8.133797709118873627e+02
-6.063795764789290388e+00
2.467388487213441692e+02
9.715886299290198735e+01
-1.199719502969552565e+01
6.720892713560812126e+01
-8.737837944459101891e+01
2.187820298509998906e+02
5.219331918929142375e+02
-2.070123601381625917e+02
1.374219666871378536e+02
5.401276669241616446e+02
1.838843307241164666e+02
1.828488631050841775e+02
2.962181516262061791e+02
7.621783093960380029e+02
4.556291139629506119e+02
7.588538843939294338e+02
1.184692553056381939e+03
-5.990968395477999309e+01
1.598794402245877961e+02
5.574868445087951585e+01
3.478307259872478312e+02
1.149720810108463525e+02
1.743775592471501739e+02
5.277708595542724623e+01
1.488576805118059099e+02
7.558959176383334011e+01
-6.410179047976214406e+01
7.817914894337715737e+01
2.968137776894027411e+02
-6.768509186472554973e+01
5.281226680919958199e+02
4.469282715429555708e+01
8.629861599017059461e+02
3.444204083270456636e+02
4.959493830722524308e+02
5.411844928132634323e+02
3.672100743662768423e+02
1.621336803418641637e+02
3.473997616507424482e+02
5.545841460533399641e+02
8.215176585179563062e+01
1.641219514465646512e+02
1.403713413634097265e+02
1.380666415366609954e+02
2.202681974049270650e+02
5.808830145974937977e+02
2.709239126291868160e+02
3.111010956875109059e+02
5.642435100022652961e+01
8.748554858430070169e+01
-8.446094129751546120e+01
2.812863200786961215e+02
-4.554575482599503289e-01
2.542781510160329503e+02
1.121224316381179875e+01
-1.919783157203887569e+01
-1.962329333678160026e+01
-6.987991621633514683e+01
-1.034114084555656063e+02
-4.016049066894446469e+02
5.135033921711202538e+02
1.536055553891247527e+01
2.620979878252446156e+02
3.139552748267159927e+02
2.244773807963309764e+01
2.021971135680373663e+02
1.590622596409405958e+02
3.615965601649633641e+02
3.394209195048107404e+02
1.951511968806643722e+02
-1.163103879981505315e+02
1.054481622112538872e+02
-6.439672614135864137e+01
2.070803473302046882e+02
2.135168953989961551e+02
7.368578037521199349e+02
4.617107054049616011e+01
1.325816683290987328e+02
-2.949376705554498699e+02
1.102705478854427952e+02
-1.171765395174917614e+02
3.729022922146280052e+02
1.819845798456182138e+02
-2.898211379429599077e+01
-5.839847429162199433e+01
4.852199397936360015e+01
3.944977910229309259e+02
4.611736059241242174e+02
4.121785865760318188e+02
3.494938882702064120e+02
8.798316030530265834e+02
-1.697079144092804484e+02
6.355367451618794803e+02
6.900081613856893910e+02
1.803293320052058561e+02
1.260722489826551396e+02
-1.401032069127390685e+02
4.952143465926043575e+01
2.434837001417080842e+02
7.612280916691037191e+02
-1.074653393944997504e+02
3.121660888156133637e+02
1.058336072171256887e+02
2.563302696808765404e+02
3.028581412628032012e+02
-4.888706059346789345e+01
4.024702671451515812e+02
-1.344097693565878444e+02
2.103976534730394405e+02
-7.196925884461650469e+01
8.793909743088140658e+02
2.708753781086037407e+02
2.738688650503369217e+02
4.741735111399504490e+02
4.618433337840854165e+02
2.380994842827994660e+02
1.780002947343022868e+02
9.628907814643500274e+01
-5.096299785445030039e+00
2.206884977008768089e+01
1.025445531978805548e+03
7.231790595680378146e+02
3.292759652537457100e+02
7.170129455510005982e+02
2.838725830889115400e+02
4.818062410159114961e+02
3.730493577902761331e+02
1.694581467867770073e+02
2.278030214638865800e+02
6.285163937613903045e+02
1.586630409366353547e+02
6.467869058737397836e+02
3.776018683263296793e+02
3.762363591860338943e+02
1.285804961231837297e+03
-5.750475686864582769e+01
2.440720774388083498e+02
4.435246281947063949e+02
4.613653199426987328e+01
3.438235786469384720e+02
4.369623570237152421e+02
5.437450154761089607e+02
7.315305378929846256e+02
4.500427383169380846e+02
-2.748988130568322958e+02
9.195799729185732474e+01
1.511520718602349120e+02
4.387297765857509830e+02
-2.742512105892398608e+02
2.635184959274231460e+02
7.487803634898988321e+02
3.949805647066536949e+02
5.072899442759564863e+02
-3.606558715306667295e+02
1.611903502646744073e+02
6.432850428515188241e+02
-4.248304181161712734e+01
6.205198055957779388e+02
5.229145502518671265e+02
2.839218545795930595e+02
3.500976465049595845e+02
1.870205780356417051e+02
1.704604290555423916e+02
-1.559904587767546218e+02
6.599841245644436185e+02
-1.730614565372965217e+02
1.966546821863047114e+02
2.121466400052005667e+02
9.236427040056295823e+01
4.733343861274888127e+02
-7.972428823580274582e+01
-2.413736751314134494e+02
4.776105970735063693e+02
1.834613338516616068e+02
3.490410727307125853e+02
3.206343862469547048e+02
6.242192493768879302e+01
-1.001426556697244479e+02
5.463097956243341713e+01
1.320970825188838944e+02
3.729503340793309007e+01
6.798698536496970064e+02
1.547988554252290214e+02
-2.963264902793235365e+02
-6.028854388345204995e+01
8.940297254412101324e+01
2.054160958889545441e+02
2.025117511888797139e+02
-4.038255367680190488e+02
1.876863957969513308e+02
3.697528279694877824e+02
-6.820462744913579911e+01
5.157604039120986954e+02
-1.470351019082970723e+01
-4.456417806042312577e+02
1.657139497625682907e+02
5.928785047241420614e+01
4.665708306492994097e+02
1.056969237956012933e+02
7.017024559639686458e+02
2.759685583547205283e+02
-1.507789048540922749e+01
2.997706874207893861e+02
-1.149961568938951189e+02
-4.255392917772766168e+02
-3.911906521856251118e+01
2.994219726441004923e+02
6.675238214420178338e+02
3.457458593823719752e+02
-4.845295974966176686e+02
6.591720137920208344e+01
3.883700571788111233e+01
2.031600699658378062e+02
1.348285580601018978e+02
5.104911582119167406e+02
1.845031890691788590e+02
1.043923600917050578e+02
7.309985283116564005e+02
5.814249164594652939e+02
1.012576877978662651e+03
8.335328343591238536e+02
1.821265224393444271e+02
6.312728336957100055e+02
7.649190384310649904e+01
-9.679578331979506345e+01
3.880782317091722575e+02
5.946821818814280505e+02
3.432552444484430225e+02
3.374184418742754019e+02
2.138287585336679797e+02
4.472027242760918284e+02
3.815479451189355586e+02
2.595682279732249071e+02
1.810868276947538220e+02
1.793635142526888444e+02
2.981766491236709840e+02
-1.070800253712098993e+01
2.726667809459117962e+02
4.957221747068751370e+02
-1.646453872382246288e+02
1.946777487676726537e+02
6.378079234783332367e+02
1.706198723508182127e+02
2.139238045559612829e+02
3.743449467673315212e+02
-1.341442032284948027e+02
5.441426303320128000e+02
2.109821315671106845e+02
3.124628978283153629e+02
4.082398509520868402e+02
-1.109600720120038204e+02
5.218337315355325927e+02
3.871424438769102494e+02
1.868247673133667774e+01
1.245061053399096863e+03
3.194731918220665534e+02
3.663786218136717707e+02
6.288734700237334607e+00
1.698584648374488779e+02
-2.028671926640220136e+01
3.729663941823406503e+02
-5.658709472649943706e+01
4.348366740425238959e+02
8.651622279859097375e+01
3.870793400931383985e+02
1.899925557749402856e+02
2.531129495643291705e+02
5.400279411437185217e+01
6.172002249528336648e+00
2.999702167706094542e+02
3.845848919080250994e+02
2.944519271751931342e+02
-1.485059291813390701e+02
7.221217414953327989e+02
-5.210240131032233535e+01
-9.612772307328192767e+01
3.966863249430615497e+02
3.897967982186804079e+02
3.293610665938747388e+02
8.206673653204929906e+02
1.755791982918932703e+01
3.060013179987546295e+00
-2.675944591579168446e+02
7.091595534869153425e+02
3.859259968741637294e+02
-1.110617566839477206e+02
-3.577478555652414229e+02
1.626438741075285463e+02
-5.735043744147380096e+01
4.540346873388277231e+02
8.059583086159095444e+01
1.265614835971645533e+02
-8.254743692461225635e+01
-2.412999671725877420e+02
1.105883258929938364e+02
1.894456442121685029e+02
7.471267125153190136e+02
5.147880041417007533e+02
4.586562760478584551e+02
1.783650471762550183e+02
4.217438403193643239e+02
1.841470836776200031e+02
2.088012398068555626e+02
-1.052168633690304347e+02
1.095752986895460594e+02
2.870944418342659787e+02
4.069054456564600741e+02
1.264771767024425060e+02
-1.671919661738626246e+02
1.207060937499467173e+02
2.478646970796420703e+02
1.010693679981884543e+02
-1.166819425910950656e+02
5.185918358750486732e+02
-2.731730374720947907e+01
-1.920159978041502029e+02
4.723544669669500706e+01
5.309773870557421560e-02
-9.779001701059524265e+00
1.702969726484799935e+02
6.206519243358050062e+02
4.229976021691921915e+02
-5.138862890867104625e+02
3.512627316664340782e+01
2.693561376211545166e+02
7.565348043341344919e+01
3.398469632887895386e+00
3.379158212857274748e+02
4.553163860856028577e+02
1.889950276972789922e+01
-8.857567737610887093e+01
1.428480823852734147e+02
-1.286006421207571861e+02
-9.981882357197319777e+01
1.275228196016939677e+02
3.973851210635311304e+02
4.699374449866378995e+02
1.408167688597709173e+02
1.490361156152787885e+02
2.603016406952507396e+02
-6.630936601475673342e+01
2.791122190656525959e+02
4.391215946486588564e+02
3.860232850626135246e+02
2.161984521679466411e+02
-8.471265398579166117e+01
-5.923314795700317745e+02
9.004734276389509660e+02
6.111241199801224866e+02
5.889546152409392477e+01
1.456947354816534812e+02
1.388916506990690891e+02
9.309598693892552035e+01
1.072241351660440841e+03
1.113761048244096230e+02
1.106779500782108983e+02
2.311144269154782194e+02
3.657009107849985412e+02
3.628085994000907704e+02
2.280771644749818563e+02
1.256562441600345608e+02
2.918386290548312445e+02
1.708101138377401753e+02
-2.055558969846594550e+02
1.034048167708569963e+03
3.379741059070273650e+02
5.510132199238723842e+02
3.080018555071658852e+02
6.295617799485935393e+02
-2.192589938695688261e+02
5.405782471048997877e+02
6.032311755475560631e+02
3.534962249465812079e+02
-2.023549163550335948e+02
4.976054045942693165e+02
1.968099879547109765e+02
2.141056641291292806e+02
4.417065161489396132e+02
4.507540908662971191e+01
5.479841644664335263e+02
-2.687170493846468844e+02
7.023295973263838050e+02
2.898812854249752604e+02
4.286003431950067579e+02
1.542211468053875763e+02
6.879455884566640407e+02
1.321536427963468086e+01
1.788275928891731041e+02
1.195753081383337530e+02
5.582202376317802361e+00
-4.340174987609317725e+01
1.691688387129479736e+02
8.236631034832342948e+02
4.334017967258342878e+02
3.845701018311982011e+02
1.369014544854926214e+02
9.108235935881845080e+02
1.813452069051969033e+02
2.896270830228143467e+01
4.433261176072472836e+02
9.736000138576019935e+01
2.801304795244990942e+02
3.842841604879701123e+01
3.231676276630437883e+01
3.758960075377286785e+02
-8.547049088143029394e+01
-1.671264863562512346e+02
6.169423049037924329e+02
2.129803958094622658e+02
3.229790716177524814e+02
2.514952088484622834e+02
3.726432922285630980e+02
-5.344750664013915298e+00
1.021204137876661093e+02
2.998689285296655953e+02
7.303996103722715816e+02
4.144397106016361931e+02
2.637712644544265572e+01
5.905175450354421685e+01
-2.196295006898248516e+02
1.037671992924640847e+02
3.065447744911103882e+02
1.234362912028417725e+02
6.858587510320744514e+02
8.826351787059621756e+02
4.024244457329761104e+01
-1.587855414082638390e+02
7.594093334279102692e+01
4.921807459531623863e+02
-8.414590492139674893e+01
-4.044570568413216733e+02
3.285730857329202195e+02
2.920552078024346088e+02
1.858694931309805440e+02
-1.608129292038935318e+02
1.385392764671962595e+02
-3.032674022130819935e+01
4.696386337251440750e+02
-5.511578893000930179e+01
1.583469811001531014e+02
7.061972290138551500e+01
4.510509212951542963e+02
1.914222758321978120e+02
2.024278586119978627e+02
1.282461847995758433e+02
2.058655606917694172e+02
2.973526014483084055e+02
3.075223888909027892e+02
2.096950117288578781e+02
5.320562187567320507e+02
2.273457457384851637e+02
7.857903485559874071e+02
2.523477537613044319e+01
1.084353363004334199e+02
1.567277201216720073e+02
2.568324011814573282e+02
1.301670669822850712e+01
2.967088860056020962e+02
-6.697674470669346647e+01
2.128770694868913793e+01
3.632069155483065970e+01
-5.785659039960070515e+01
3.248715216966690491e+02
6.573034495135597126e+02
4.462876093295248552e+02
1.406067108192264357e+02
2.269111384017199100e+02
3.548038262740997197e+02
1.973631427795639013e+02
-4.864079571022638504e+01
2.984914092186383527e+02
4.792496295082372626e+02
-7.077384864910240481e+01
4.407928173970974512e+02
2.802404271960721189e+02
6.250777235336984461e+01
8.495571691480132586e+02
3.544345880486686724e+02
-3.935640762909029178e+01
-1.958362266449753619e+01
7.403113130763463801e+01
2.965940980345259845e+02
-1.255341975240222041e+02
-1.282172694939354187e+02
9.061571797783784632e+02
1.134568600241731247e+02
1.159233858664557033e+02
8.459624099733723313e+01
2.824034027225190968e+01
-2.484061028734616912e+02
5.544029931938262052e+02
2.118905795972601069e+01
1.828308377984652111e+02
4.367154726518960501e+02
-3.760413979667448530e+02
-3.417493894569689417e+01
2.174770862047131175e+02
3.643980182050089667e+01
2.284394349250693494e+02
9.958164765031758634e+02
2.360546525229549673e+02
-2.078340662702909185e+02
2.258062879763301396e+02
1.822148884081950655e+02
-4.554680568198712365e+01
1.265741234345699411e+02
2.938317667058227585e+02
5.863834341702352049e+02
6.988156826629161742e+02
3.079425060440070752e+02
3.539133982789881543e+02
3.038409659645678857e+02
-2.872405801215420524e+02
4.153057108998934837e+02
2.442752432083644010e+02
5.185351741375179699e+02
3.502317429974155516e+02
6.714144644305707743e+02
-3.297079683120451676e+01
4.455670618325675036e+02
9.863555586631255778e+01
9.501514941924417599e+02
2.043767969921049996e+02
7.228607804286079954e+02
1.539694139407250191e+02
2.579635293054651015e+02
1.694661449406080749e+02
1.840721516927789594e+02
5.400149432906142692e+02
6.933253040290194349e+02
1.294108846165520617e+03
-1.213821216230731181e+02
4.461837859203620837e+02
5.115254197325872951e+02
-4.872437716031502930e+01
-4.149166985756389181e+01
1.901545433705697121e+02
4.322137043202566815e+02
5.175838526948238041e+02
-1.006361005127040187e+02
3.060828881761780167e+02
2.951736441907307835e+02
6.321397128267228993e+01
3.401765111844549949e+01
3.235616280809679211e+02
5.343026326875980203e+02
3.581994287294687069e+02
2.445350936492643825e+02
2.311489761776084038e+02
3.246500013283741737e+02
1.817843942272181152e+02
-1.104230298655594851e+02
-1.156453008046024706e+02
1.613338839332540715e+02
2.996834489330295241e+02
-6.949906190654488114e+00
2.906825950543368435e+02
6.685047894390810370e+02
-1.281672241219879993e+02
9.622206668222136727e+01
-1.901353187648808785e-01
9.801630016805322043e+01
3.586362028259181898e+02
5.027049838111781241e+02
1.188209205755551920e+02
8.332390993773421428e+01
5.109899371189451927e+02
2.606364275568934090e+02
3.379835266741055761e+02
-4.693957385442147512e+01
2.239702725825331413e+02
6.434726362170347329e+02
-8.274599768621871476e+01
1.060431552542267468e+02
-1.272666893041468086e+02
5.378074771808121568e+02
-1.973832402163160396e+02
2.909584733874747826e+02
5.025461738451701308e+02
4.464015790652400142e+02
6.463223472564358190e+02
1.765379086178238595e+02
1.729122028518154934e+02
-1.203320901452866281e+02
-2.380929386108045378e+02
4.852527137983675516e+02
-1.964323367684959862e+02
-1.459655302019655210e+02
2.865665876291541849e+02
1.250493178765848796e+02
3.876872236323565062e+02
2.084565882243221608e+02
2.395714007022072565e+02
6.940819401871690388e+02
4.036315457626964189e+02
2.871530005988794869e+02
4.393757147317257363e+02
2.479736288390984100e+02
-2.021706708631783727e+02
-3.771808712542812714e+02
5.149327678644872321e+02
-9.667688996632205090e+01
-1.930030243019779164e+02
9.261037220770072054e+02
5.276809404598602669e+02
2.107058403493337551e+02
-1.902539805507747133e+02
2.126596511995068113e+02
2.441381821744479339e+02
3.402809812057695922e+02
-2.551426867422582632e+02
1.244426765844344942e+02
5.602780221783449122e+01
1.537946252019759470e+02
2.960447016134994556e+02
-2.628686381613646290e+02
4.067736615700052738e+00
2.966519674645143141e+02
3.804405025771257556e+02
5.960647798346491300e+02
4.216571032545778621e+02
4.367773320931971170e+02
2.684566492314141328e+02
7.371455276600266870e+01
1.899775508739250824e+02
4.201119181061865220e+02
7.401656086270717196e+02
-1.038955788215271809e+02
4.516942993888364981e+02
1.930524507782344870e+02
-2.418761359377901954e+01
1.845474252665863446e+02
1.115145134138825114e+02
-1.194361404604316022e+02
3.696122092891630473e+02
-4.988922166567163430e+01
9.943985458978640679e+01
7.403766906107613295e+02
1.140846099552028647e+00
7.419418020269962000e+00
5.153559910789892911e+02
-6.113018006496318435e+01
-9.746436383431540662e+01
3.832845486213951176e+02
-1.470437849043554479e+02
-1.201788040349253706e+01
1.878982822498878704e+02
4.597214786226419392e+02
-5.855355743937295188e+01
1.777133417267771449e+02
7.237925256548159041e+02
6.961547097821253374e+02
5.205462641837323190e+02
2.063642619329969534e+02
5.839034090823229235e+02
5.572606441646427129e+02
9.371903588451540372e+02
2.211205514718143093e+02
3.318110481650948600e+02
-4.251685083941706722e+01
-9.012653064841668993e+01
5.144367853963250354e+02
1.502119471155423298e+02
6.244510195240443409e+02
3.398077860161765784e+02
2.404712764974838421e+02
7.735151755913156535e+01
4.032673229231239276e+00
3.170219580221535125e+02
3.176648546496251129e+02
1.754604290285898003e+02
2.331710792141256263e+02
4.390408601628939778e+01
4.313503178245930485e+02
2.905029188320626190e+02
-8.206043973487378906e+00
5.527909307141229647e+02
5.202933641186430123e+02
6.876584736397261395e+02
2.662507349859743613e+02
1.666634083429850648e+02
-4.859569567853930749e+01
-8.226729524072180766e+01
1.208317512692307503e+02
-2.153142786178777328e+02
4.942296471686160544e+02
5.122363033597599724e+02
3.232122524376203501e+02
9.120638233897221880e+01
1.225852328406742089e+02
3.919113099953927417e+02
9.790294257224958585e+01
1.593217011771809837e+02
5.748582400528650851e+02
5.663816522977432442e+02
1.614587702908730762e+02
1.416213488853151148e+02
-2.716298079395788818e+02
-2.428991260157358170e+02
1.842902069406777343e+02
4.196887859472954574e+01
-6.834667131955635000e+01
-1.158276993286501124e+02
4.069886922678152814e+02
3.459115135359026567e+02
-6.067126405961597868e+01
