-3.390449109324019901e+02
4.296214984352476449e+02
1.156116057470567711e+02
1.826068585269529763e+02
4.100577864947518378e+02
3.600591086985218112e+02
2.916069395871714960e+02
6.609245948611300037e+01
-5.742774978015243903e+01
1.169791111517347701e+02
5.080647834189279024e+02
1.712817659806472079e+02
-2.397219206167347920e+02
8.632400510617850387e+01
2.896994169480568644e+02
5.814326162603613284e+02
-3.870717106629862769e+01
2.917035911587247483e+02
5.717770547022623759e+02
2.180836256239881266e+02
8.930334598536194335e+01
5.180099192585156516e+02
-1.936618050330913832e+01
4.239087546485181406e+02
5.582151247850792970e+02
5.516999036132559695e+02
-4.682400922646875330e+01
-1.046294315216817381e+02
6.785885130804393839e+02
3.797560226831184309e+02
7.900741027008152173e+01
2.601411455755560382e+02
5.922829627111335640e+02
-1.193970318416134262e+02
1.119944454667495677e+02
5.363184130261155360e+02
6.647176858047288306e+02
5.204235682182600158e+02
3.033552014689295220e+02
1.338154300489508941e+01
3.661380725071248321e+02
3.481381392980976557e+02
3.204818903787584077e+02
7.217412937382060534e+01
5.193817051118824111e+02
-3.435254532646467851e+01
3.405037551471447159e+02
2.879627838338684569e+02
4.118660485154629782e+02
-3.272752597843240210e+02
5.821304620545269017e+02
5.994584590490289884e+02
-1.530834587968032565e+02
2.723589010796098364e+02
3.603130207448928104e+02
5.075707687357038367e+02
-7.036401473116069383e+01
5.315444917825536777e+02
7.545873438678024741e+02
4.312293360201757082e+02
2.544643971336470258e+02
3.167116950584063488e+02
1.939103166640214226e+02
3.183287485215797687e+02
7.704696883407623886e+01
1.860407730647203550e+02
2.749030755587134536e+02
-2.105323305973388130e+02
2.476106152014650945e+02
5.269370573161972970e+01
1.844509630737962880e+02
5.931055624455125042e+01
1.308446636039880786e+03
3.462694840507099912e+02
3.629429791690685079e+02
5.314591459675706346e+02
2.986441392411246909e+01
-5.294337065230628525e+00
7.542918837759486905e+01
9.025302036183950349e+02
6.648653892187039673e+02
-1.119625738846409178e+02
2.002243504705994326e+02
6.887605935760718694e+02
-9.143823817852864977e+01
3.747816464719378615e+01
1.150558264407361094e+03
9.845389496344287181e+02
-3.049966485524130917e+02
-2.504015076654879124e+02
1.010955140085676192e+02
1.234041053728999486e+02
4.230570947670886426e+02
2.096401874138759638e+02
-8.656245173113504165e+01
2.216172154078843164e+02
-2.577162861962118967e+01
-9.476563722063588102e+00
2.312980048096618191e+02
1.469069523822314238e+02
1.908047335720879403e+02
2.803988121443605337e+02
2.017804562124039478e+02
1.218606471526371422e+02
-1.123064002060239659e+02
1.216310982745994238e+02
1.391475257171597377e+02
4.122007836406864101e+01
-3.226173288440406850e+01
2.143452078335237729e+02
1.993796477472056381e+02
6.057754046654015383e+02
4.467247026315103540e+02
1.048333747191142749e+02
2.572808054114513965e+01
-1.839786468273605280e+01
-1.392986073143590602e+02
3.351246611803396718e+02
5.228873856243535556e+02
3.236025340277000168e+02
2.260408363247348262e+01
7.575818264077313415e+02
1.156451860268665044e+01
3.399156114018152834e+02
3.005772647527592767e+02
-1.822411854769599984e+02
3.028257051199340708e+02
1.165283631244637164e+01
-2.739980822204876887e+01
1.552731094892982924e+02
9.623745674318682575e+01
1.391826297550679925e+01
9.491156637359900969e+02
-1.658584975069301493e+02
1.057257382485204971e+03
9.456935040979166729e+01
4.308101105923841487e+02
7.172003113924131412e+02
-1.470822895142852644e+02
-1.766071128245380635e+02
1.131460840420875229e+02
4.283011308788119891e+02
-3.087722205194251615e+02
-1.161245523337534280e+02
4.302439164829546598e+02
2.683481022659439645e+02
3.169082317655909620e+01
6.714050905309061790e+00
5.941541738678894262e+02
4.373507729151016861e+02
3.193823458930394281e+02
1.690525638022892849e+02
3.331748300637639773e+02
3.338682614817176386e+02
2.189161137460817770e+02
1.737548742991574500e+02
2.373275214927634806e+02
5.693822972222768897e+01
2.984953140351198613e+02
3.252959235547972412e+02
9.629105180465811600e+02
6.811749006234972370e+00
2.434572019990018816e+02
1.973991526414383770e+02
3.027812838866430525e+02
3.244247814425108345e+02
2.608642130671541963e+02
3.552289896934293552e+02
1.698971543554269488e+02
6.354623186192950470e+02
1.519358355659049948e+02
3.202810583814351730e+02
-9.510369822281215590e+01
2.086051604552273773e+02
6.995954099170419340e+02
3.598496429253996212e+02
3.319263346082155408e+02
5.613727537362721023e+02
4.099915378228637337e+02
-3.079269603704463520e+02
2.798038001979123806e+02
3.174048509961841660e+02
-4.135257780173208175e+01
2.183571385681491961e+01
-1.699445537225209080e+01
3.851740747203483579e+02
2.460290035596367773e+02
3.839643784278360954e+02
4.935143368859432371e+02
-5.998526880452655519e+01
-4.763838385282184618e+01
3.049741749909107398e+02
4.093225133937291957e+02
5.355871238389123619e+02
3.267470718677854506e+02
1.515481859437025491e+02
5.725598766731471301e+01
4.804709106817699649e+01
-1.244441332370795550e+02
2.159378019338240051e+02
2.317416063147933158e+01
2.436840035157862872e+02
-1.475296864494450801e+02
2.268982141845611977e+02
6.639892780962127290e+02
1.134109061178607760e+02
6.621740363470511284e+02
-9.143169742904159136e+01
2.457689374936680906e+02
3.809486603081616636e+02
2.670290333600541999e+02
1.856072631457964235e+02
1.358981376250042672e+02
-5.438928205894637813e+01
9.114393157701528025e-01
3.866214835916309767e+02
2.256739926107670726e+02
5.308957266866596001e+02
5.108029524462846211e+02
1.071909060168535319e+02
3.327568687068599615e+02
-9.190215912129991693e+01
1.810678708772979633e+02
3.000692317768927069e+02
4.450948166935371546e+02
4.145260029225759268e+01
4.200472513546329196e+02
1.811385051907184902e+02
7.011547424326124656e+02
-7.925889375254037361e+01
3.686761123385202268e+02
-1.893496450490565906e+02
-1.393556507567872416e+02
3.796539804319746736e+02
1.412609989892616795e+02
-1.728744524926252950e+02
3.724684791431842257e+01
4.039949465842609015e+02
3.439118777782705365e+02
2.393548476060209680e+02
5.976873318937082331e+02
1.715013942579473394e+02
5.001520920380247617e+02
7.112005285736697715e+02
2.305430289490320774e+02
2.597304975215602099e+02
2.757429399680721076e+02
5.977414074200740970e+02
7.906072597300251346e+02
-1.615318026136116600e+02
6.037306212619246537e+01
5.496029531399177586e+02
3.431799054453192639e+02
5.721099673612981462e+01
7.731003397265531021e+02
-3.129708619750579146e+01
8.975028015095691103e+01
-3.943327012201876869e+00
4.056308312746514275e+02
6.382707419344939126e+02
2.906542623315641904e+01
4.140040201015772823e+02
8.455556515474480648e+02
-3.829226420501301220e+01
1.575210418739107752e+02
2.488086242245372262e+02
3.210555891835289231e+02
-9.217369598257950258e+01
3.507585738521617031e+02
2.944169342813184471e+02
8.938778137228558762e+01
1.224032121230399071e+02
4.861509016100726512e+02
1.794269611775038413e+02
3.430030704531267247e+02
8.506116783570943198e+02
6.046776980580841609e+02
4.359895668908580291e+01
3.911570119454677865e+02
4.773703754620994459e+02
-5.369684099891803442e+01
5.916929682654925955e+02
6.612908347123884596e+02
-1.385797357111038082e+02
6.191998160422336923e+02
-1.091423800800461095e+02
8.143538935181861689e+02
2.091788350825569864e+01
2.472961535874677281e+02
6.697952424736243984e+02
2.274946061812126175e+02
3.968446660169062170e+02
2.554848299253263235e+02
-4.401556652011090875e+01
4.981650610618607971e+02
4.868493739194848331e+02
3.110410540368440593e+02
3.534516299531006780e+02
4.635266688318222918e+02
4.399140918059364225e+01
-1.636410976434269742e+02
1.996860617384780028e+02
2.391189948484426964e+02
2.639022088210472248e+02
4.636634552780902823e+02
3.008571604797777468e+02
3.545505150572752200e+02
-7.600446200371285954e+01
5.690703818615371290e+01
7.475447428048217944e+02
9.128753281306306633e+01
6.965641890803918841e+02
6.609626524350052250e+02
-4.240879336330116445e+01
6.110998412155075812e+02
5.133771346895620127e+02
7.962155547630081855e+02
3.412534260054641777e+02
2.443603759076173674e+02
-1.845413267902832644e+01
2.648801516579900976e+02
-1.598304096762789754e+02
4.387115927287138675e+02
3.143403165639693384e+02
-1.216513267542564734e+02
1.150344971209553080e+02
2.840466404065663255e+02
5.228156738153470542e+02
2.415265690404602594e+02
-1.887513746124294016e+02
-2.948894626710258038e+01
4.111938883166769756e+02
7.053973937345313061e+02
-1.168225204494489162e+02
3.758323989595905346e+02
2.351050820016419962e+01
2.477641438734734081e+01
3.475709505694233030e+02
-2.206393879400341973e+02
4.090686268439289108e+01
2.794581577108233432e+02
6.954292039776350975e+02
-2.288775029483610695e+02
3.931091306059843191e+02
-4.493285172254706481e+02
1.384495294002052219e+02
-9.471469418045622035e+00
5.359570458902617247e+02
2.351020977115182120e+02
4.193479809313947158e+02
1.413203553174818978e+02
-6.084654590945875441e+01
-6.453091659726597129e+01
3.570780636294433634e+02
3.271060159931586213e+02
1.139699118520902346e+02
5.332265831458678207e+01
5.939991374736401895e+02
-4.612794131391184465e+02
1.452043515215618186e+02
-3.447280226401389882e+02
1.130748988880031334e+02
2.178940576599639485e+02
8.253642041590060785e+01
1.616544300120269213e+02
2.618258160193823869e+02
2.177299951226554526e+02
-9.225558092164970958e+01
2.170321330865373852e+02
2.354041072302430280e+02
7.504477118807752589e+00
-1.734097434566920697e+02
2.201043961368343389e+02
-6.116638471471549110e+01
2.532123208288881528e+02
1.620661587712651510e+02
4.504358428212569265e+02
2.531579580147444517e+02
-8.622559264320655359e+01
-2.358901022162976346e+02
-1.611858635201365928e+02
4.167163330653406206e+02
3.599536294624915058e+02
1.415712524906060423e+02
5.916183448007611787e+02
-1.052421959375984528e+01
1.397989588089798829e+01
6.036607871464825621e+02
3.455282340738236826e+02
4.682859225599382853e+02
-8.392045744663364815e+01
-5.331021465289505556e+01
3.935359180883743306e+02
2.855377309502846401e+02
6.289231572327981468e+00
8.775576817644864036e+01
5.576259336088636474e+02
2.198792052077753851e+02
1.492098101662986949e+02
1.793432522487432266e+02
5.598220782120098420e+02
9.550071402614706813e+02
-1.811350068529853274e+02
4.113084550176114362e+02
9.295653712530895518e+02
2.164495484399765814e+02
4.120107374558273250e+02
4.291747789947535807e+01
1.151504048437583378e+02
1.299719566434115734e+02
2.984238484919427492e+02
-1.204885789733237118e+02
2.144905961895832434e+02
1.601511618743700183e+02
2.625309744560863692e+02
5.074604823607810431e+02
5.129302261184169538e+02
8.311818272325464818e+01
3.983252967403819866e+01
1.749484354873249359e+01
1.282449447295780828e+03
-3.745152457839922988e+01
-1.468587869595615416e+02
-4.980436381741998275e+01
-7.814071346009905028e+01
-8.853851721367837513e+01
3.058555078801824720e+02
2.088868401873271239e+02
4.855781777687278691e+02
1.029341149445834844e+03
3.358159006115755574e+02
4.677810315893547681e+02
3.398887175834021832e+02
-9.567451491524970209e+00
2.112354987968469118e+02
-3.184753104532777712e+01
2.605421868647503061e+02
1.470918572551212264e+02
-9.544605812699535363e+01
6.101087430001605583e+01
2.310067810517234079e+02
3.322086502117507933e+01
1.339860044978676399e+02
-8.460316708365147065e+01
1.124671512587312350e+00
4.738162575414530409e+01
-1.294110783911392275e+02
5.896455967301340451e+01
8.989421242953167734e+01
-3.357484857345950218e+02
7.765655471122056497e+01
2.594486602834635747e+01
3.728405553713512859e+02
3.146544770687947334e+02
-3.293975564684669166e+02
5.264148301373735421e+02
3.715576588019271185e+02
5.268363653863632408e+02
2.933259019735021980e+02
-4.826192494729807549e+02
8.929353187474827109e+02
5.420816588428947398e+02
6.143394671859574885e+01
1.105217130585471068e+02
-1.265054906064303708e+01
2.067649416665322519e+02
1.208992380215288023e+02
6.938154804640362272e+02
2.214395507637174489e+02
-1.204075099160346838e+02
-5.670463939960938404e+01
3.959162892790172350e+02
-2.683202568700630408e+01
5.933818574065570601e+02
-9.516603090436261425e+01
-1.609809047089903800e+02
4.013647046742257771e+02
-4.058947247521317649e+02
-1.383414304600758626e+01
3.787132099980519229e+02
-1.881948058059360847e+02
4.260997662698685531e+02
-4.855560082060686966e+01
2.939775707368534441e+01
5.316883713817761645e+02
2.883663630583494708e+01
4.052057905051162834e+02
-1.197482174402975659e+02
-1.576743962306009195e+01
3.919086441405434584e+02
-2.659343294350530940e+01
2.633630628226720205e+02
8.306242635260321094e+01
-1.243601984858055260e+02
5.302477404139464170e+02
6.699475545084141004e+02
7.469246500200632966e+01
3.381284135630974106e+02
2.493984362284749352e+02
6.611007769724167247e+02
4.149453966841180659e+02
3.258920251745875021e+02
5.437556478899368528e+01
-7.948002104496733011e+01
-7.563299850753907094e+00
2.675532822844019165e+02
2.681844214289558295e+02
1.676822215978015151e+02
-2.302745625438629133e+02
9.380219203460936228e+01
2.655718319329569255e+01
-1.145316381974862452e+02
4.524978072090795536e+02
4.118540286764059601e+02
5.050961388071252145e+02
3.008592684887037194e+02
-3.182020509682338982e+01
3.983218497290154403e+01
-7.539019300622615560e+01
4.766818616090055798e+02
5.218679791519714399e+02
2.472990485361689821e+02
-2.479550489690513473e+02
2.322922677416854356e+02
8.527880462341070142e+02
-1.168120470768943875e+01
-1.303922455987947444e+02
5.179426146276571217e+02
-7.722061791019677912e+01
4.007006493052695646e+02
2.225589904147473419e+02
2.090086231259629130e+02
-1.066321918132745736e+02
-1.115086197649691542e+02
1.066948369606588614e+02
7.228445466483842665e+02
-1.277929691102729919e+02
6.165826662161741751e+02
1.275383199350921473e+02
2.600162549208995415e+02
6.087377524088036580e+02
3.712906875711465204e+02
2.039680258052595718e+02
2.740228582197594847e+02
5.767799741500367645e+02
3.838367168716782629e+01
1.192600381257912687e+02
1.305726218029702466e+02
3.052292297561975261e+02
3.077306166303115447e+02
2.795461459536984989e+02
1.629209679262322936e+02
3.238759917932924850e+02
2.150732842733931989e+02
2.980417863447414106e+02
3.024183341949020019e+02
-2.671049539977278755e+02
1.982082699402273818e+01
4.202222193955478815e+02
2.601378962842488818e+02
4.445714627835414490e+02
9.060848828048117412e+02
6.816126233670734109e+02
8.629508234436781322e+01
-3.253882046048362895e+02
-1.700829386352207848e+02
1.268896198038586363e+02
3.196515485243203329e+02
2.888167357243913784e+02
4.650015050006763886e+02
8.552268127682277736e+02
6.947335848345744580e+01
2.017134272808859805e+02
6.907844215616842121e+01
2.539177769980320249e+02
4.554163255355405795e+02
2.365427093349242114e+02
4.651130500376561372e+02
1.426217002406195604e+02
-6.386178824700947132e+01
2.744519585753643582e+02
9.839321418618092707e+01
5.698148177243920145e+02
6.548700409381942791e+02
7.102346352399091245e+01
-3.931223490126539559e+02
4.083856361903756351e+02
7.788402363207032408e+01
3.188125688794892199e+02
1.332051879231698592e+02
1.838049857050128821e+01
6.765361397472757972e+02
-1.031935733632190733e+02
1.764175210023687868e+01
6.212212669340861737e+01
1.483993637213335148e+01
2.119509387289154461e+02
7.813558584237306093e+00
7.371503245504254664e+02
-4.847456781436856943e+01
-2.473740333322188008e+02
-1.102871231752046981e+02
-2.460471667404504359e+01
3.665760578702301018e+02
6.999314196018060557e+02
-2.094646607999700052e+02
4.332735213756124040e+02
-2.145746129633882049e+02
1.169730520184908187e+02
3.331990584240758153e+02
1.497027439644272988e+02
8.284787533091295018e+02
2.066425916981296496e+02
4.451085430081885619e+01
2.780701246243162927e+02
-4.586340670458170621e+02
5.116441568299230767e+02
-1.113807329483742308e+02
-1.577988857973053882e+02
2.514339437086164253e+02
6.289443987937343081e+02
3.626294353879298455e+02
2.218743856146263340e+02
4.293923918568041813e+02
3.131072937204234563e+02
1.593471125541791253e+03
3.528419427882466408e+01
-4.529064231402904284e+01
3.796777895931930402e+02
1.388676903359718153e+02
4.316944150754131329e+02
1.552980072206646014e+02
-5.001411788522266022e+01
8.593838146240668152e+01
2.306819278528826445e+01
-5.392128052174335551e+01
5.348112071214688967e+02
-2.455682130367343063e+02
5.148456784205600343e+02
2.000854423167140084e+01
6.273883466908300761e+02
-2.756973780899543272e+02
8.794690755775893649e+02
4.548374742715786283e+02
4.697280350069394785e+02
1.095360280695996664e+02
2.549036140623153699e+02
-1.574358355201904942e+02
3.710661912060216991e+02
2.311410862837398383e+02
3.317200216385900262e+02
6.085253298144750715e+02
-4.170320768098179087e+01
7.628281546576289429e+01
2.375627287868207986e+02
4.308557882943910045e+02
2.880159420101301180e+02
4.244859433847702803e+02
3.773757922563323746e+02
1.024610519696746564e+02
2.692606342677399880e+02
3.472981905210763784e+02
5.913760946732104458e+02
2.512670375599337547e+02
8.786798747468087356e+01
-9.870784396299299601e+00
-3.765183215882512968e+02
5.548397508350660701e+02
1.220137875889844565e+02
6.019277382358376371e+02
4.138504877939831204e+02
1.290598122328395050e+02
-1.570638702799310522e+02
4.022613896104561348e+01
3.926171331801733544e+01
-2.026400623195756623e+01
1.713343984221667426e+02
-8.699958147404208830e+01
4.638049613981971220e+02
1.374302975431392326e+02
4.664624221525322696e+02
2.668074359346482538e+02
4.132753333597569849e+02
7.348922106706010027e+02
1.745715172725245452e+02
1.918432284240224419e+02
-2.454635708533891147e+01
8.270566381565491838e+02
-3.106167049345415876e+00
3.094059133755230846e+02
4.550564475679951784e+02
6.995308901598389184e+02
1.707205178511797499e+02
6.788832992701341027e+02
3.786312201829589981e+02
7.183720905402175561e-01
7.342361413145221150e+01
4.911560237761240160e+02
2.864584437708724636e+02
1.993022500597162434e+02
1.317688418862265110e+02
1.626889766848093473e+02
2.236134925353275094e+02
1.104315127315446148e+02
7.241277526958875796e+02
-5.457477620134156382e+01
4.987342413168688040e+02
1.258638435120049692e+01
2.855352645232312625e+02
-6.308513284118822639e+01
5.453270124450477851e+02
4.245267607676450439e+02
-2.221873476452339560e+02
3.840772439167783432e+02
1.759213464044607917e+02
-2.851235925723998577e+01
4.238997645198512600e+02
2.412856337705242424e+02
4.339925258192180308e+02
-5.482665841547092356e+01
5.691255138978897321e+02
-1.465497862282712731e+02
1.135999533889780793e+02
3.735731389245167406e+02
3.683269556820649768e+02
2.867788820147293336e+02
2.855663374238071697e+02
3.924460811858558174e+01
1.084529582263046166e+02
3.036954697722997594e+02
1.223484606940233732e+02
1.999675004116260766e+02
4.054188824690695583e+02
5.991667030924396613e+02
1.136394085544731524e+03
1.306871356044042045e+02
4.269406625663720689e+01
2.996099626456710894e+02
4.821022214137978494e+02
2.944170079928896655e+01
5.095127578036785394e+02
3.660140189035494700e+02
1.234380478567242818e+02
5.572029047857817119e+01
5.562605160680743666e+02
-1.788266844435986229e+02
-2.052936348160479838e+02
-9.761388594184853673e+01
2.585745869548409814e+02
3.089985611580578961e+02
5.877179163672974482e+02
3.087926633000664651e+02
2.890982091457618139e+02
8.942646984872405369e+01
6.342455462796717569e+01
-2.512923032789209401e+02
2.216065989526960607e+02
-1.079536975573055884e+02
-5.891547819486665816e+01
6.559669557536884668e+02
4.485890353393125451e+01
-7.442362552656240382e+01
-1.232569456976642499e+02
5.842897043988821224e+02
4.978120703153730915e+02
5.540093483750948167e+01
-1.455066090063151023e+02
1.291979027355974949e+02
1.187847293175908590e+02
1.914885846590748031e+02
3.617269230887198432e+02
1.136650762431547577e+02
2.720180021369594101e+02
2.726222908647395116e+02
1.650629423431080340e+02
4.746415687192553179e+01
8.350300184686977900e+01
2.867911154604042849e+02
2.303859846673367144e+02
1.564128020287442951e+02
3.008151665931493426e+02
-6.013355414771614704e+01
2.476426503478197105e+02
5.387849686761900330e+02
4.372867429230533389e+02
-9.933222786810846117e+01
4.721718217278814222e+02
6.320036523698114479e+02
5.524537832036602225e+01
4.052572282327183473e+01
4.376827735118062606e+02
2.408660686242757833e+02
3.412863839585571100e+02
1.407183363327010639e+01
6.814570889850742788e+02
2.917961649277531251e+02
5.558380030972380155e+02
-2.517657408674422470e+01
5.165429480018389086e+02
-9.088374286927832202e+01
1.133436108127351929e+02
2.993974152538146996e+02
5.608692590565742364e+01
6.615449796246932692e+02
6.430592687709879556e+02
-3.641835044756628577e+02
1.348801433059227293e+02
-7.843655178564802100e+01
5.965998338732234743e+02
8.981871207015666414e+02
7.849941969172597283e+02
-3.543600889245479379e+02
-2.426032437544136258e+02
4.012299328057132470e+02
1.517299965599863469e+02
2.255029181960669575e+02
2.816300805077186169e+02
3.114752879181102116e+02
1.361431972806461204e+02
1.248647260423472289e+02
6.795806252436656791e+01
6.141652730244373970e+00
2.577440096683127990e+02
2.184547591107803157e+02
2.034210583207016754e+01
5.434051421044870267e+01
4.169082197989914675e+02
7.283477393850607768e+02
1.484096103239261311e+02
-1.226126151483959035e+02
1.895068012416521128e+02
1.195838078216305007e+02
3.795961001642449446e+02
8.309769030808581647e+02
5.734882225953568877e+02
3.817589459654648181e+02
-5.072394571426039533e+01
9.519043840527122313e+01
1.556159842221477163e+02
-2.396274459690707772e+02
5.848274322974835826e+01
9.850724292010970373e+01
3.975666400955399240e+02
2.834022110987337442e+02
1.328130794234497785e+02
5.945075148600000148e+01
1.501545752945245624e+02
2.679888176269065525e+01
1.084728048594320455e+02
2.690316474018333679e+02
4.733332675249559429e+02
2.893119088137298718e+02
3.904578052370017076e+02
-2.962755827844717516e+01
2.259665891158018667e+02
-3.643031973417355829e+01
3.516950730670579333e+02
2.231978078344549203e+02
1.643594802621963709e+02
2.172931402534549647e+02
5.331634897964011088e+02
1.248260991661399402e+02
1.746373364871673459e+02
-3.502577968267022470e+02
-5.298915536721645481e+01
-1.517547339410540133e+02
8.041205234895473950e+02
-2.689273276530517478e+02
-2.048446282063797241e+01
1.305108966765742480e+02
-1.539033229443223547e+02
1.958191967495501729e+01
4.769467156431200578e+02
3.545511816768341760e+02
5.801280952463806670e+02
1.134985864238804112e+02
-5.962650272209383928e+00
6.156787223041878860e+02
3.752954159178135001e+02
3.217287710061846155e+02
2.784425083087810435e+02
-1.432505237850012918e+02
3.039907449552589469e+02
-2.325949487048303297e+02
3.363962623869776962e+02
6.380968418587659130e+01
7.317373333518808067e+02
1.548405982356603943e+02
2.012525241530136952e+02
3.712886947803878002e+02
-3.184166407512826424e+01
-1.700862504086827300e+02
-5.579777335696248741e+01
2.761586841770772480e+02
8.598981274462440183e+01
1.276262431095629495e+02
1.105349984088011865e+02
-1.689929964249008094e+02
2.183067874801510584e+02
-1.180394348832526532e+02
9.870687857887133987e+01
1.461197466541054837e+02
2.267378000714782615e+02
2.033742971420972765e+02
-3.359072003427108655e+00
3.249690194022494438e+02
2.040722802147021753e+02
2.453400096922009652e+02
5.025086157531365529e+02
2.963976329376835110e+02
1.295036339904919842e+01
4.891290661988335131e+01
7.150879449598380688e+02
1.685276811304902083e+02
2.513516754556981709e+02
5.574772002317466786e+02
2.731898521606190116e+02
9.872330520252870656e+01
3.702293939471432509e+02
1.354920855710894045e+01
9.101756124373650891e+01
4.883729292159949154e+01
8.017121104754223779e+02
9.456025507754176829e+01
-6.786866253351185208e+01
2.370720401779144595e+02
-6.119141533038156666e+01
1.949817280930446373e+02
1.229562215143321851e+02
2.083960468741515228e+02
4.267142856130515725e+02
3.438134656949235932e+02
2.251586760098779791e+02
5.732527003445082983e+02
3.723919235016315952e+02
2.868308939996502431e+02
1.904151112617464037e+02
1.467323897490458080e+02
2.356850817217402039e+02
3.467526742715377850e+02
-3.196372141683153956e+01
4.668942287280759160e+02
-2.094917791932730893e+02
3.223708927490029907e+00
-3.782939329199304268e+01
5.139234315512052262e+02
3.032142156716582804e+02
5.652117984072431227e+02
3.358818502100933756e+02
4.006397296007788782e+02
4.258977262313259189e+02
8.354902795515117759e+02
9.230096929372979275e+01
-8.390181765807109571e+01
5.265691056339350951e+01
2.358743697694904142e+02
-2.719405824068363842e+01
1.980198022552489334e+01
6.038527628475318352e+02
2.622161430848804002e+02
1.021212438854861489e+03
2.669866989573893648e+02
4.687689316841377263e+01
-1.266471116413108291e+02
4.339987458771331035e+02
-1.885371691314000770e+02
1.060729126422935735e+02
3.588383665146691328e+02
2.535225508908804670e+02
8.230661912534743578e+02
-1.427029694945942992e+02
1.711606549289694712e+01
9.479512977769260829e+01
-3.217135448597850313e+02
-1.202508596646742944e+02
1.245326444872403471e+01
4.595522488475192517e+02
4.100226169279677606e+02
7.953901937628752421e+02
3.640068670048994477e+02
4.247301139588201977e+02
4.802358750892307171e+02
5.055045259743816359e+02
2.398457161849441377e+02
3.835526241218226460e+02
5.532715397127163897e+02
1.096458268500287403e+01
5.182582783324897946e+01
3.510726860950475157e+02
2.833256424685648653e+02
3.374144487330862603e+02
1.875966782611858150e+02
-9.133119357548233097e+01
4.009842470036581403e+02
4.462322458836424630e+02
4.772226904434127164e+02
1.348837276559931126e+02
7.734175699079155493e+02
-1.593390296441373621e+01
4.936881124616688794e+02
