5.073119772306279884e+01
2.229249533825377227e+02
-3.700891832751356105e+02
1.952234993676295005e+02
-7.224797401520231688e+01
2.917881529698268537e+02
1.372440987430037467e+03
8.509856358535863592e+02
8.587383571009229399e+02
2.653510083648760656e+02
3.648046776571527516e+02
5.501818460754209354e+02
5.389550271236211074e+02
-2.623431724634465212e+01
6.577992930308107589e+02
8.329490247119773585e+02
1.131788683404422045e+03
5.633110675941336467e+02
9.955785528383276528e+01
2.604160113055983174e+02
5.439558957032221542e+02
4.560459648539276145e+02
6.399329392954842888e+02
1.799173445363988719e+02
-3.167868451368724436e+02
-2.259867334568268973e+02
3.464857956781767712e+02
2.433916694917701022e+02
1.197919998263970598e+02
3.028780678850189929e+02
4.361377578100150743e+01
5.963195402557799980e+02
1.181008453613725351e+02
2.747627702119201558e+02
2.134599872013391177e+02
1.638386553036863518e+02
-7.702223631807513016e+00
1.386789498351845396e+02
5.129257397470405522e+02
4.575365239233452712e+02
1.050255740008052214e+02
2.292889645353121750e+02
5.674792197630116561e+02
2.774257518700748903e+01
-1.782256497034200891e+02
6.860765421199894263e+02
3.838169469101928257e+02
3.597593271888039226e+02
3.537281536678636940e+02
2.602144752466840600e+02
-6.170554515102888615e+01
3.004274662795175388e+01
5.349100037900385587e+02
1.948652650947496738e+02
-2.152344517675567772e+02
4.509595671989621337e+02
5.633814183872996040e+00
5.095719599979036047e+02
2.968988885613364346e+02
5.406991257948349130e+02
5.693404676097437687e+02
8.939222906368567010e+02
1.553776039504446942e+02
-7.155701639313191720e+01
-6.108280717842233116e+02
4.361498591172193642e+02
7.254508329674423521e+02
1.276851289294703236e+02
2.919959575757728771e+02
8.892974492775225599e+02
2.179013244870706956e+01
1.131757866237171015e+02
4.552566562060156343e+02
9.574899286268783953e+02
7.667215308473076902e+02
1.438640796748474884e+02
2.656988510739554386e+02
-4.421033437764182850e+02
7.942440163414728431e+02
3.116654361053493858e+02
-9.352371028653342933e+01
2.258450162022204779e+02
3.026396689922932524e+02
2.501373612712906436e+01
-3.733895074946861996e+02
4.978091924414958385e+02
-1.401803391272159445e+02
4.973891499651903700e+02
3.725576795349881536e+02
3.214692796028105022e+02
-5.737848934495107045e+01
1.549241176301562177e+02
1.271866963577839215e+03
6.942837114888435224e+01
-5.921026580903681946e+01
2.761065669562442508e+02
8.315574166209979694e+02
6.058284034308779837e+02
2.223278899522701693e+02
4.811869801002827103e+02
2.505752710069660338e+02
1.581713172689076714e+02
7.315449930651792556e+02
2.110782673449342610e+02
-2.182314625488216961e+02
1.459439856343231895e+03
4.247883249048253447e+02
6.660327608992258774e+02
2.748920943588794898e+02
-3.511390231309993624e+02
5.702639195039642317e+01
1.069990460438241655e+02
-2.840951048579588019e+02
5.295963450600224860e+02
1.908854340455001193e+02
7.091850459177392167e+02
-1.881130361631160497e+02
5.731863190851096306e+02
7.373572658805860556e+02
6.804775649821317529e+02
1.126774910329485664e+02
3.840181500385857589e+02
5.580202164608915609e+02
-1.101642414981526485e+02
7.787425469856857490e+02
1.074902890642387945e+02
7.651074397149761808e+02
5.203434546011187223e+01
-2.625639358536225245e+02
4.338244354451103391e+02
3.707729507981111965e+02
2.456391966912155738e+02
6.787858088402222734e+01
7.121044447531389210e+01
5.911609322202615431e+02
3.282238627234133332e+02
6.785519538287951491e+02
1.603085173143508086e+02
3.689734587565711195e+02
3.217761492772214638e+02
3.597875112738969392e+02
2.020557849568132838e+02
9.233014540908339995e+02
1.359624424021885147e+02
3.969970869374809013e+02
1.380587683068722171e+01
2.369631313192120672e+02
-2.084069027956007005e+02
8.783303518618012617e+01
7.490297914660430934e+02
8.487680266425468290e+02
3.077344446239047784e+02
4.636930680882347247e+02
5.012131822426498502e+02
2.346004337614272686e+02
9.232087419226144220e+01
-4.051490381276153130e+01
1.822047928644821582e+02
3.840145634613915036e+02
1.954536654385214263e+02
4.580322796052934677e+02
4.679320737101565442e+02
1.704959450995147563e+02
8.098402554944144640e+02
2.726722447686148598e+02
6.038166523452891852e+02
1.194046292321687730e+02
-6.655550831087148822e+01
5.395519925813341615e+02
4.801870919951429642e+02
1.696968485493338221e+02
2.459493552315227589e+02
1.767282124559869771e+02
7.044015743473889870e+02
9.082878913346984291e+02
1.469524673953023353e+02
3.653183252244282926e+02
2.212192160816188107e+02
8.839240371808168106e+01
-2.031165443059632025e+02
3.714482652385252095e+02
1.711190294347504732e+02
-7.135028889432177834e+01
-3.711902637105926317e+01
2.879576042641277240e+02
3.569491894931220486e+02
-1.581220108256085268e+02
1.476836899055717254e+02
4.420094927770763320e+02
1.732401836406596942e+02
1.411176373107912809e+02
3.812055016943089640e+02
1.545203507401618594e+02
1.483012634707320387e+02
-9.289915808593698898e+01
-4.139971300972687374e+01
-3.353961558221055128e+01
-2.628356282911291260e+02
4.961132417577505294e+02
5.989976078274877409e+02
-9.880005526183529696e+01
6.208561688020176916e+02
2.595687501357836595e+02
-5.390590640374502982e+02
1.628430207870974868e+02
-3.938139558662668378e+02
2.151049652070990419e+02
3.864477344955620879e+02
-1.384995146081474786e+02
-5.925791071021018297e+01
4.789166637414519982e+02
4.231351311867040863e+02
1.291535508531470668e+02
-1.630535935871712638e+02
-1.621393560651786458e+02
7.435411665937034513e+02
-2.580389681849808881e+02
3.736050295462578106e+02
7.361325057712684838e+02
7.971966956970277352e+02
4.673245200291324295e+02
2.905441756479884248e+02
5.668742056901471642e+02
6.789143992752040049e+02
9.144598161362375777e+01
3.652816923607431363e+02
2.143691536673644293e+02
5.765995601512001940e+02
1.617720697294285799e+02
-1.103194622112383456e+02
2.506728343190192447e+02
2.768964692487064667e+02
6.023610406708796745e+02
-4.494004558081432492e+02
1.092252937391344574e+02
1.055387215819350999e+01
3.931619891569152401e+02
1.038531751064089576e+03
-7.575964445512539669e+01
1.941000643702788011e+02
1.247760329376595649e+02
-2.833548402282696657e+02
1.076816611157819352e+02
3.076004538704147535e+02
3.019417503640406721e+02
6.295715335014308494e+02
2.134863346871395606e+02
-7.765169928405640576e+01
2.766999394680530600e+02
1.401303161829611952e+02
-2.431468097681220684e+02
6.159196770840077306e+02
1.959142806039604920e+02
-2.973511055284105851e+02
4.104349877167931027e+02
1.715970656683362847e+02
1.379693890897043929e+01
9.823099024022887704e-01
2.796124289094404389e+02
5.783217219084675662e+02
-1.193951745941672868e+02
3.687247753905469381e+02
2.900262870489272586e+02
3.242302841327234546e+02
1.773331072152980425e+01
5.113421528983226381e+02
4.279466694805573468e+01
4.028970141859512637e+02
-1.887098200974622557e+02
-2.821763714169073296e+02
-2.187510946880620111e+02
1.236550390200357299e+02
4.575097512107255397e+02
8.332262771083749158e+02
8.105440823531706656e+02
-4.205765881724504425e+02
3.599960016541152186e+02
3.595912901486100282e+02
2.622071562819492669e+02
3.072117392225920867e+02
1.629568977719598024e+02
3.968786896538578617e+02
2.620414620045935408e+02
7.671988950067432711e+01
1.901687866700879681e+02
3.237035227052854793e+02
3.602591980889756655e+02
4.287442994357593307e+02
-1.805910969852183143e+02
-7.294363287808661767e+01
1.703307482493524958e+02
9.422900178050340969e+01
-7.215336502229523319e+01
2.088490549706882575e+02
6.728263569741492347e+02
9.570452569922413204e+02
3.366622442697056528e+01
7.893993485838470292e+01
4.263055176364806584e+02
1.950607225777605436e+02
5.290675161101910362e+02
3.972628548860676005e+02
8.433436791798234822e+01
3.074229864496062419e+02
3.745556928119842723e+02
8.188028693224309791e+02
1.396091929706675501e+02
1.124496004027010486e+03
2.310565811506585021e+01
6.116245762658396643e+02
9.628232949046013118e+02
-5.279393908631971044e+02
8.850414766941396465e+02
3.975879714074753224e+02
2.883579155475260336e+02
5.303345332564213095e+02
3.189557271994277130e+02
4.557222077830014655e+02
1.940009320845334173e+00
6.337622828805293693e+02
6.159037669664136274e+02
3.613898575762722203e+02
6.276026369815286898e+02
-3.719555823641492225e+02
-1.169530131221079756e+02
-4.120557526217430677e+02
-1.153515118992056543e+01
5.662453635033410819e+02
2.832356626596045430e+02
8.457680634871446728e+02
2.607952901041548444e+02
1.853116261949077455e+02
7.446093795584727104e+01
3.554562346065251859e+02
-2.263225051736838509e+02
6.416541971223765586e+02
7.492962457582566458e+02
1.643267867691079687e+00
2.238278420008506941e+02
1.097360621383989354e+01
-4.487855572303050167e+01
8.005919042826750456e+02
2.335452640470615790e+02
-2.249503519946343388e+01
-5.491807381011446410e+01
-7.150313504421038147e+01
1.605089491053472329e+03
1.703710472667280555e+02
4.369152911887585446e+02
1.301356613071251104e+03
1.644733104782691413e+01
1.461051149472950101e+03
-1.538621878214622427e+02
7.647249962066952094e+02
1.041647757551092184e+02
4.033014526973582861e+02
1.539830596716713558e+02
1.887986829906503772e+02
4.962540335754433158e+02
3.662347644677740846e+02
1.703329637075850940e+02
2.460233013902846153e+02
1.039532219840818016e+03
-3.891479719280270899e+01
2.812351363596941383e+02
2.405872835949208763e+02
-5.323453427422655437e+01
7.788534728356765413e+01
7.799192246987208819e+02
4.133344079273911689e+02
6.331962306574077957e+02
1.840821982589585559e+02
9.532745307127528633e+01
8.352409468521065037e+02
5.121944700658236798e+02
1.243026396794861341e+02
9.548565670071545242e+01
1.083320746718854366e+02
1.058334079865289596e+03
-1.513369852401616811e+02
-7.850985241073814791e+01
9.273281867097553288e+01
-4.192793308667785936e+02
3.196306376408548999e+02
9.626523501631794488e+01
8.294576298530541862e+02
5.910185255736334966e+02
9.564476446929392068e+02
5.854615465366549643e+02
5.415288584592130974e+02
-1.396782464576155007e+02
7.205299627552586799e+02
-1.944011045760220497e+02
3.102335972315451045e+02
9.556158130887110929e+02
5.541755172826982516e+02
-3.330921071451508055e+02
2.433686345213719164e+02
6.359711106863719579e+02
-5.006809929657216429e+01
1.277590263041587377e+02
-5.506461547052738297e+02
6.185149328564070856e+02
-2.268406681467330657e+02
7.235702002257054346e+02
6.157496086315725279e+02
1.003818988769191606e+03
5.975069885949477566e+01
1.080857487514362901e+03
6.845770351873485993e+01
-8.274957913261009423e+01
8.898509774252779891e+00
2.835740362700418018e+02
-4.533400876000683866e-01
8.291970065158448051e+02
4.698937845191989027e+02
1.117761209442490298e+02
-2.511523961123373851e+02
-1.261122180085519915e+02
4.414592590400135350e+02
1.028702630590713170e+03
4.044919630894112288e+02
1.405382182567147538e+03
3.982087434893323916e+02
1.843688936498099622e+02
-2.141511868533384302e+02
9.344887555992509078e+02
8.634319714672908503e+02
2.969727089626258589e+02
2.212484880462854520e+01
-4.402519647884230380e+01
-1.177891931991303522e+02
5.482773567712386011e+02
2.983458588921367891e+02
-1.395606607655554967e+02
-3.940846940732777171e+01
1.577884245425621543e+02
5.515818313397429620e+02
2.761584993609282037e+02
3.541632835342041972e+02
7.229661645887528039e+02
3.438878804066772545e+02
2.251713865142403677e+02
8.219800535272665911e+02
-2.125138997679255510e+02
5.649218977857822210e+02
7.593853223338398948e+02
3.433035937100364094e+02
2.236662516684756952e+02
5.651391051746081757e+02
-1.182808160387565408e+02
-2.101034087482159975e+02
7.270693387102008955e+02
3.018676529117850009e+02
4.855840399070168587e+02
1.926067215031170221e+01
4.248151000708393354e+00
-2.877293577340386719e+02
2.494420665768127776e+02
-9.957022988207548053e+01
3.810346188166604975e+02
4.872742741772632940e+02
1.441454258421611030e+03
-7.896752113972203801e+01
2.147522466366289251e+01
4.548311747385878903e+02
4.630480570877887203e+02
4.991451676988418740e+02
-1.299578934316197660e+02
5.945547173163843127e+02
-3.329947453597810068e+02
1.859127129192952452e+02
-7.970120457131727676e+00
6.695582101770530699e+02
6.504599145686358952e+02
-8.392135306581722887e+01
1.996271405203272877e+02
3.668906605407318011e+02
-1.547930377706487377e+02
6.606954323913316784e+02
9.144934951895402264e+02
-1.050789388174719932e+02
-3.087352985735051902e+00
1.251857042226461303e+01
7.614204405083186202e+02
3.974442339313316666e+02
3.197268191848285142e+02
-8.948943629455439464e+01
1.130842283554122503e+02
8.764142537274111078e+01
5.786848290342911696e+02
1.442509727272777411e+02
2.669342168017784047e+02
6.105483219688529744e+02
-1.001639494593747344e+02
1.263599987347316983e+03
-1.955743873769723962e+02
8.533716979458711194e+02
5.388893607071515817e+02
5.969220731537665188e+02
2.468728984440490990e+02
5.344150710951589645e+02
1.196388786887273454e+03
3.826188422493391386e+02
-1.503074540126452519e+01
4.528864866088040344e+02
4.464030807312988145e+02
3.124168212959608582e+02
3.424922525741824870e+02
1.281292667333305872e+03
-1.080848040414104503e+02
4.371238945324565179e+02
2.421014363232555695e+02
6.096065863950932453e+02
6.398531315702406630e+01
-7.921429984299078342e+01
3.860738068538331618e+02
3.982253453249736594e+02
-4.829412271412655855e+01
3.537526127888470455e+02
-1.300690120591092480e+01
2.298513723367812247e+02
-2.238970750979193554e+02
5.592252039067051328e+02
1.466441661298748329e+02
3.626578992776297241e+02
7.768295379232941968e+02
-5.958032644421166424e+00
1.359948236459982240e+02
1.529712340915544075e+02
4.871704622180956790e+01
3.796963004732521085e+02
6.241252654102337374e+02
1.577890793963292708e+02
4.663125822164988108e+02
5.032013483145613009e+02
-6.841026355797706060e+01
5.454195721703306390e+02
1.458685766858706927e+02
4.415278899377565835e+02
3.584640778035624749e+02
5.197453531818720194e+02
1.029721923111116212e+03
-2.779874473927026202e+02
2.450588420107360719e+02
-2.508674888400206555e+02
1.709063059528673136e+02
-2.484671280749472544e+01
8.342018229236185789e+02
5.464147796026790047e+02
2.667136076362344284e+02
6.253106265391479610e+02
1.917638742801195235e+02
3.079957175888062011e+02
2.349355702119775628e+02
-2.779701026396610786e+01
6.519222086854605323e+02
8.535657656575973817e+01
4.660850705088541872e+02
8.901907648089954250e+01
2.021276554791793387e+02
1.510734126276200584e+02
-3.902933614425930955e+02
5.804145261229652988e+02
3.202134384838017240e+02
3.992242673016637582e+02
3.271679473187484177e+01
5.892778918102028456e+02
4.745267026471617555e+02
-7.955910333305131132e+01
8.168077865627310530e+02
-3.315879961687166997e+02
1.361433304953382617e+02
2.728237032650628180e+02
-1.973508715011291486e+02
2.484358634083335744e+02
7.334575428064167681e+02
2.947261486599610976e+02
-2.143921475979905011e+01
1.783256546928024022e+02
2.878428549795530245e+01
3.197319571308322566e+02
5.567051939691725693e+02
5.162834996780425172e+02
2.252288287360316303e+02
6.402885212638753956e+02
2.749616104988310212e+02
-7.310338541493048581e+01
-9.760789214847527262e+00
-1.797535983974892133e+02
1.841466489220472624e+00
1.071174640998782706e+03
1.082999177410864746e+02
4.701453307020641432e+02
-3.347409360671977652e+02
9.070296180347199879e+02
-3.525883358012544022e+02
1.038584424928587140e+02
7.662234772688877626e+01
3.170352268068037915e+02
-4.502824076101678088e+02
7.175723155317198234e+02
1.246809328044605252e+02
2.199787790224296202e+02
7.613237636125898007e+02
9.111708740367051007e+01
1.179396377947085313e+02
2.374702720931831834e+02
-1.946010235180139603e+00
-9.875803391178047264e+01
-5.447587463284944675e+01
5.711995484024321286e+02
3.803941113911903926e+01
-4.727830809659424176e+02
5.212924810818326478e+02
9.593666572117950864e+02
8.848777114360206042e+01
-1.603538194879321281e+02
3.180366110992363247e+02
1.072189437706792887e+02
6.844487579058734354e+02
1.118721747180241124e+02
3.913141566719294815e+02
2.431814562670010105e+02
3.015045245877587377e+02
3.489500592264861893e+02
5.211120319427243430e+02
1.019339094687013443e+02
9.622740310579865763e+01
-8.188735122777723063e+01
2.600275634615329636e+02
6.068241800865495179e+02
4.274522026054569324e+02
3.594613841354159263e+02
-8.800885793770349608e+01
3.464198937511498571e+02
2.290643994422883623e+01
1.762365511754006207e+02
5.228516210767271559e+02
3.397213912617154392e+02
7.435364391331344223e+02
2.763529924464681358e+02
1.694192127773026186e+02
4.323137178289978237e+02
3.800939257643250926e+02
8.363480405954175012e+02
1.078564755751155531e+02
3.744104164461408573e+02
6.591269553198902713e+02
-1.209509983627838068e+02
1.453801996962933742e+02
4.439039089427341196e+02
-4.104492095060060137e+02
6.402552543671619105e+02
1.220732236406296636e+02
1.948033989102330850e+02
8.861297676148527103e+01
-2.837289558759261467e+02
-2.614710970121834066e-01
-2.140013426993797623e+02
8.275760876133942929e+02
4.677129242849080129e+02
6.006642906396433546e+02
1.402724990653444692e+01
6.051594952922563380e+02
6.319676053020681366e+02
9.734855277656590715e+02
6.998809323827071012e+02
3.044081315866383193e+02
6.902430499359928717e+02
6.531281784647617883e+01
4.329776508391110212e+01
1.891781863545429303e+02
1.818740539679240271e+02
5.199689608640510841e+01
-2.487292616287943758e+01
-1.566552541211717937e+02
1.931935235616106752e+02
8.466433100542801071e+01
5.102693062929548660e+02
2.221933206297293282e+02
2.925746959828562126e+02
1.140031097998774783e+02
1.811565796164550761e+02
6.683971322732128328e+01
1.688680880596989198e+01
-2.710438869357799376e+02
7.306986163096132714e+02
6.851320450561407824e+02
-3.196142130690728891e+02
9.622688856256547751e+01
1.297780953548363868e+03
-1.257034196172923401e+02
5.221793990779307251e+02
-3.081464495371710655e+01
9.431897395981753789e+02
-2.591699222351427920e+02
4.297719792402630787e+02
5.429554585558410054e+02
8.448629002567111002e+01
7.583804249975762559e+02
4.599900162678141555e+02
1.739610526564122210e+02
3.032321486543229412e+02
2.846809745851437583e+02
2.455524672339640233e+02
-5.199041919012977075e+01
4.207776012246856112e+01
1.203288071570051898e+03
5.069129761250633237e+02
-3.569067434436942676e+02
-6.749422928142372768e+01
6.631436334292041010e+02
3.705428659257087531e+00
7.369086846036612997e+02
2.217094948124498046e+02
8.539324448164239811e+01
5.443177411102882246e+01
3.548373012732425025e+01
5.414203801880206584e+02
-4.156191957041210117e+01
4.029229468990188252e+02
2.923174916063551905e+02
2.854992456070497724e+02
5.544326416321829356e+02
1.533322431832820314e+02
1.115958905850206975e+02
1.607054263158186131e+02
2.380269463183778669e+02
3.526121127555265957e+02
-1.382882091771313071e+02
2.829296848927941141e+02
8.987593707150267619e+02
4.130979620856940073e+02
6.012850473123121446e+02
7.094455768223506311e+02
1.656283030659296571e+02
3.228580565627185592e+02
-1.156861501891293642e+02
3.355529246678777895e+02
-8.579540785607140663e+01
3.684494261921475413e+02
-1.119899440160736503e+02
-2.182328104300625569e+02
4.351306258055124943e+01
-2.519923217204639911e+02
1.168929274320808531e+02
2.113262375795998764e+02
1.906746109591445588e+02
2.360165568936645855e+02
3.663048903296232766e+02
5.261839761194248695e+02
4.640522669594301988e+02
-3.706969573159950073e+02
3.389219471549857587e+01
9.493941329572506049e+01
3.379842339224437353e+01
1.663145916516585316e+02
3.325837321064121852e+02
3.035965954698889391e+02
-1.569973375362385468e+02
5.270524927161635560e+02
-2.615087548860161064e+02
5.550979997785024125e+02
1.696180282394263941e+02
4.392671469891756715e+02
3.352216431880867731e+02
-2.972620830710336008e+02
7.884922716674566345e+02
-1.651425456651093100e+02
5.459937771760871783e+02
5.376661010964610909e+01
1.646580029902003730e+02
4.895212983832353189e+02
6.407739178842202818e+02
8.877945607807519082e+02
1.222815434979085438e+02
5.079483402389763569e+02
5.942423196371206586e+02
2.517324010090347031e+02
4.094249663302260274e+02
6.516014123975907069e+02
3.915395166270505456e+02
3.853820109229287709e+02
1.869428366975513143e+02
2.935587682594291437e+02
4.145559409953197019e+02
5.598443405699730420e+02
1.691070606550963973e+01
3.044031260737920093e+02
1.996032947514645457e+02
3.985117105607206440e+02
4.576829159349604197e+02
1.193236951632259661e+03
-5.541651764805234848e+01
6.724613710838227121e+01
-3.497030083282600117e+02
-4.373026944057489231e+02
-4.201546443200923164e+01
3.405538708606134719e+02
-2.748671957453817072e+01
2.555224738407270593e+02
7.737373510719260139e+02
6.911606348704146967e+02
5.733863694237852542e+02
4.740509507045624105e+02
9.390355793655247680e+02
7.436498621974126308e+02
7.695421819914096204e+02
-1.826706048303144030e+02
-9.704705101590670324e+01
4.026074978997185667e+02
-3.548284320116919162e+02
4.947980353902688648e+02
5.973630484998901693e+02
1.608783583596882352e+02
2.572528473832497298e+01
2.612350108511462849e+02
9.974649324112135673e+02
-8.457331295584720010e+01
1.168253670109283178e+02
3.565331753954685041e+02
4.959009763836261300e+02
4.443983465077922688e+02
2.626275829045742398e+02
-4.986582488138688518e+01
2.962698478687063925e+02
4.641253295266861869e+02
2.365981413825961965e+02
1.050232889378990251e+02
1.823218773646407556e+02
2.845010965720231866e+02
7.030637227454437834e+02
6.704477205366862336e+02
7.346402566427137515e+01
6.532479987067745242e+02
4.216773333556178045e+02
1.415293801758236896e+02
-6.258624376491147245e+01
1.549260580836312897e+02
6.335313551469231470e+02
-9.330937520482453351e+01
6.999873053004133538e+00
-8.594640524582356989e+01
3.101163386301710148e+02
9.460511187789084033e+02
6.006238229173168293e+02
4.353498123646731983e+02
6.950434432111258047e+02
-9.694029633098625709e+01
5.418037094843382420e+02
2.317070536463358224e+02
2.398401861031668432e+02
-2.187800907899183755e+02
2.521522289489062274e+01
1.608965905164178878e+02
-9.099576439198227717e+01
-5.034111068774229238e+02
-3.657343243327962909e+02
5.483199951925704454e+02
2.697167448481246765e+02
4.208179359369433428e+02
6.294825353064739915e+01
5.013261214333105897e+01
3.347045062227362564e+02
-9.870211349985680727e+01
2.982077436535059860e+02
5.613138684169699673e+02
2.238132482489053814e+02
-6.935212986479055530e+01
3.595148319852516465e+02
-1.967602016719316396e+02
2.077647264746726563e+00
-4.126221975687131760e+01
6.903555964201098050e+02
4.694183058350574811e+02
6.693382630961718860e+02
1.457277130651624475e+02
1.041835196070025518e+02
-6.384836961540506906e+01
1.287776269312510067e+03
4.744744089895476691e+02
1.891095870057506829e+02
2.634258838880512030e+02
8.256326045627168924e+02
1.913402560054120158e+02
6.395780088330429862e+02
5.654047365517718617e+02
2.688030558992939518e+02
6.345811746373419737e+02
4.601140170378585026e+02
-2.764155194367376822e+01
3.852665733052394899e+02
1.596918654917924982e+02
3.329010812474742238e+02
8.265968311400278878e+01
8.638453197422921903e+02
2.044113626643961936e+02
4.333359298346085779e+02
-2.132622518704141044e+02
-5.124623182850534420e+00
6.171120491479996417e+01
9.652369176474530832e+02
3.409214260264454879e+02
2.941208679217024269e+01
1.204392132263722033e+02
-2.630114853993464976e+02
-4.335026144195259690e+02
2.111928372792756932e+02
1.304267814289825992e+03
1.041690174855306850e+03
-5.769896701205504996e+01
7.762638406840198968e+02
3.297564652447298954e+02
4.624283530847027350e+02
2.799427711896599362e+02
3.342898392797832798e+02
2.600664638832064384e+02
-1.197049247194415500e+02
3.514081391056114967e+02
1.882370195833565276e+02
1.364077249556709432e+02
6.054303678877661241e+02
-1.516772981889872085e+02
3.621110927059489200e+02
-8.676938837711915653e+01
6.460868476988164275e+02
2.815270702783184333e+02
7.519546589300618962e+02
-5.296563132631566617e+01
3.461166299518439473e+02
4.072478125574615433e+02
3.551980183483167934e+02
1.229416112135574508e+02
8.007802386421876690e+02
2.874740461907452413e+02
-1.453555523713044124e+02
5.264796195086653370e+02
1.507922142011500739e+02
5.612547122378834530e+01
-1.114734813725139162e+01
-8.241950753482034031e+01
2.585802764632983894e+02
4.955527697036205836e+02
1.658677014450346405e+02
-2.072682695544835383e+02
1.182689481823360609e+02
-4.057336291604532903e+02
5.177941691423029624e+02
2.713380291842495353e+02
1.514762528644061490e+02
6.596011917757019773e+02
-1.280390020061617520e+02
-1.847518690156585137e+02
1.367848677280750280e+02
3.776876737088094274e+02
6.422259063543103252e+01
-8.601596975383061761e+01
-7.970795094434350858e+00
1.349190407578339318e+03
5.257255948350343715e+02
5.672119202777167857e+02
2.431337151593355088e+02
-4.973003654493380310e+01
6.172412942910428910e+02
6.293689594198999657e+02
-1.025319839031203628e+02
-8.048195356579535087e+01
1.715850428755989299e+01
6.037096524516573481e+02
3.508923039859440678e+02
4.562905457803262834e+02
-9.300376529726725039e+01
5.670053032331677656e+01
-1.773320451940466285e+02
4.063251298522463344e+02
3.865136646507895648e+02
2.100311825258620217e+02
-8.573447831894100091e+00
3.757034827800377457e+02
5.779232369668884530e+02
1.486028721183056973e+02
1.323951379729230666e+02
3.241879762268214336e+02
1.647474163630620012e+02
7.497943085701410837e+02
6.743338688600809405e+01
2.184497684804157416e+02
1.299347466248127375e+03
1.886815451340129357e+02
3.505888765589022569e+02
4.124901869226874283e+02
4.490451799300187758e+02
9.976319649355619958e+02
1.817743145345801850e+02
9.286357322589550449e+02
3.106211538834759267e+02
2.799996478747913216e+02
-1.545743283023087429e+02
7.764495534818390752e+02
