-4.077622356997460997e+02
-2.005721379513478837e+02
-6.839229258851170243e+02
-1.418334540913690773e+02
3.897453025605494759e+01
-3.047599680589160016e+02
-2.185399156005629351e+01
-6.993250748351316588e+02
-1.940246719819859038e+02
-4.343516315597689470e+01
-3.331282994520989860e+02
-1.800986526611989973e+02
-5.286954759931752506e+02
-3.515388103740021961e+02
-1.426892110919757783e+02
-2.713638962075967811e+02
9.535273812649991498e+01
-5.299110051189540371e+01
-2.571008013149128715e+02
-2.642250233161311712e+02
-1.118299035333332654e+02
-2.765937549116489436e+02
-8.365716296180190739e+02
-3.836141624245346975e+02
-4.716004658133720113e+02
-3.736656704760181924e+02
-5.013819412834042168e+02
-4.084580828820355123e+02
-4.476686890550298585e+02
-6.988871627922021617e+02
-2.823280570799065572e+02
-4.463116645736809573e+02
-3.419711041518945080e+02
-4.195078392640371590e+02
-8.191142765343237215e+02
-4.394487313798713330e+02
-7.982512448202946871e+02
-3.652210653336039741e+02
-2.837274343545524289e+02
-2.032649636486531790e+02
-3.484540601847176049e+02
-6.135649930881999126e+02
-9.017241245082633441e+02
-3.734204576108658671e+02
-5.917266073592901421e+02
-5.994362568225877652e+01
-2.056001737375762843e+02
-3.527736071664844530e+02
-5.632346063328166110e+02
-4.955434793343411002e+02
-6.740964222111629169e+02
-2.241472881048369743e+02
-2.871787402922524279e+02
-3.457361902483589802e+02
-3.937739113886744349e+02
-1.188246417111989558e+03
-1.879091120324804365e+02
2.398143581460702478e+01
-2.102504570228759633e+02
-1.680628390976602873e+02
-3.064810162110580904e+02
-3.970337199638215679e+02
-4.143253653587050849e+02
-1.323177525531459509e+01
-2.623180793078323632e+02
-2.994444353121005520e+02
-3.047654721227365826e+02
6.334822349772984751e+01
-4.143046081086363301e+02
-3.049173835866293416e+02
-9.333567243174228452e+02
-6.822090157826399945e+02
-6.476481274340038681e+02
-3.576540917356592786e+01
-6.873962143355690841e+02
-5.321431429327594742e+02
-5.046041710875214221e+02
-7.831000150343036239e+02
-1.684229105195616967e+02
-3.062264698324915457e+02
-2.492006901538489672e+02
-8.188179645312562798e+02
-1.470015790157175672e+02
-3.120848595684557267e+02
-1.414566533860894992e+02
-3.544387925838449291e+02
-4.536742783633064846e+02
-3.325922123725696906e+02
-5.895449303006653281e+02
-3.844245961587710099e+02
-5.092677020418985308e+02
-6.278845115693937942e+02
-3.233025152701119396e+02
-3.537553598146204763e+02
-4.308153823845829038e+02
-1.342580917714072086e+01
-4.506567059547213034e+02
-2.846478759914241436e+02
-2.979111740260265719e+02
-4.647508641238582641e+02
-2.464324897206290075e+02
-1.660232197960381484e+01
-2.708882778565471199e+02
-3.425382451710340206e+02
-4.134404220983724372e+02
-4.070409353033380739e+02
-8.371023923446706760e+00
-6.495178182999586625e+02
-2.371374009741462032e+02
-3.260674946485893315e+02
-2.369018280328627668e+01
-5.952248102058806580e+02
-2.884050444402409994e+02
-3.046541558172821738e+02
-1.590001545138038352e+02
-3.601565060222446277e+02
-2.303938938683360789e+02
-2.284245932138534840e+02
-2.719942189716734333e+02
-4.244628731313549110e+02
-3.821552077110787877e+02
4.089026977671576191e+01
-6.927639757631530983e+02
-3.549303239002887267e+02
-2.044882836589473527e+02
-5.949955016672184911e+02
-4.220890046612136075e+02
-1.208398184343050161e+02
-2.565145383927535931e+02
-4.819876145526246773e+02
-3.273780570408007975e+02
-4.350977812831378060e+02
-2.861710615640063793e+02
-3.494299267188276303e+02
1.060695355243016138e+02
-7.499207035106775265e+01
-3.718201267437716524e+02
-2.300323475844162999e+02
-2.056419381456562121e+02
-3.119857891900346658e+02
-3.284194375877965513e+02
-2.899598978514093233e+02
-2.102655275612929415e+02
-3.221902015651814111e+00
-3.025442432277184821e+02
-4.734149225464150845e+02
-6.194990514179905858e+02
1.302421418681109344e+02
-3.227130750175772960e+02
-1.997344214471046939e+02
-4.488024882631257242e+02
2.088818546475170024e+01
-7.205443631419068424e+02
-3.954270131708060489e+02
-8.866677970640471074e+01
-1.984100826861889573e+02
-7.300780255192562436e+02
-5.227936475528126721e+02
-2.631065584810781957e+02
-3.071967122900463778e+02
-1.529917425653354712e+02
-1.253636769985851203e+02
-4.320849405312465592e+02
-2.027365946562804027e+02
-5.470936522541351223e+02
-5.119603039843179886e+02
-7.253494001071254615e+01
-1.213443964677969404e+02
-1.759203856266396713e+02
-6.006692509646483131e+02
-9.247031161710216907e+01
-3.526542936406802369e+02
-3.787200284054176791e+02
-6.959725150015050303e+02
-1.341015547526504577e+02
-1.480865043591409460e+02
-3.027690920549967473e+02
-1.041660419328168473e+03
-4.101975072776143065e+02
-2.567120712192882479e+02
-3.186483091536645702e+02
-1.473800771042410815e+02
-3.964303374323326921e+02
-2.424251109530617896e+02
2.578178437810596435e+01
-2.634884097203832880e+02
-4.430883721308789518e+02
-3.717472545480828785e+02
-6.100885178006469687e+02
-2.362785002522384730e+02
-3.472838684961062086e+02
3.105032041477916493e+01
-4.142074047022592822e+02
-5.171585559734448907e+02
-3.525294012918096200e+02
-5.216326750570125625e+01
1.664896451664269961e+01
-3.003174374848575781e+02
-3.404436446984763620e+02
-6.277599713021578509e+02
-5.591044891587207530e+02
-4.635209775906907907e+02
-9.157316748236188459e+02
-5.900138672423832986e+02
-2.576048490916415972e+02
-2.335318330175433914e+02
-3.656800248651818492e+02
-3.274984286056239853e+02
-3.308007569290845140e+02
-1.303165605409649856e+02
7.658058557001564282e+01
-1.585040071765092478e+02
-2.335269848823847667e+02
-2.961187683816244771e+02
-3.193291279253605808e+02
-1.410513166049844358e+02
-5.832006575912777180e+02
-8.698804431117052900e+02
-1.208687052052210902e+02
-6.511041748406560714e+01
-3.093378495130722285e+02
-3.363009494369665049e+02
-4.711786719349121313e+02
-1.171485583107769912e+02
-6.725438633899409524e+02
5.698451141225618244e+01
-7.756357535454134222e+02
-4.206949460259205580e+02
-2.722338544740174484e+02
-4.146609394547195961e+02
-9.822703255590322158e+01
-1.035146115376398654e+02
-7.786431463572238272e+02
-5.012279223836778215e+02
9.761524075915545495e+00
-2.722881461716370950e+02
-2.021539547251738895e+02
-9.050102546859914128e+02
-1.921725316215316184e+02
-7.881854882402200246e+01
-4.166612200542787150e+02
-1.913494793355619663e+02
2.036463404215925266e+02
-2.896889572780733033e+02
-6.099338381059081939e+02
-1.418541505115968562e+02
-7.368640381828038244e+02
-2.325742840241948670e+02
-5.215181249498996294e+02
-6.402552768915245451e+02
-5.208071518852881354e+02
-3.487207871038618805e+02
-6.490429118504823691e+02
9.863507202064468515e+00
-4.347924340153159051e+02
-7.111256992664588097e+02
-1.684110505578445043e+02
-1.747890550413355299e+02
-4.274693993222269910e+02
-6.143481443701556373e+02
-3.254105311299397272e+02
-4.141801763866028523e+02
-4.011650677670102709e+02
-1.156753113013964196e+02
-5.894330278803678311e+02
-3.805619823844846223e+02
-3.155370048844579856e+02
-2.583613133211750892e+02
-7.394457133592806031e+02
-4.257547387765090434e+02
-3.434334405505283598e+02
-4.351837097248213126e+02
-2.701571449235447062e+02
-1.269017733067238822e+02
-2.658461265609612951e+02
-1.964582650358117917e+02
-2.079545460303462505e+02
-6.264305978714223784e+02
-4.056255642739862424e+02
4.197645985503866939e+01
-9.869904843987990262e+01
-2.591023953198121887e+01
-2.047309564342708939e+02
-5.874264888456443714e+02
-3.954723928574092611e+02
2.581726927403034821e+01
-3.052846307269422255e+02
-2.366138631790614681e+02
-7.549758701862884891e+01
-5.048412237006452870e+02
-4.088261982237205530e+02
-1.562842996422576505e+02
-5.291523589896997919e+02
-2.309660755234204430e+02
-9.080460686714311578e+02
-5.562568799999588691e+02
-7.788277781171806282e+02
-5.481063322206889552e+02
-1.866270353862524303e+02
-4.058553953575128048e-01
-6.099112357510164202e+02
-7.770463275537645131e+02
-4.422071697903598988e+02
9.081349507859978587e+01
-3.292219943850329855e+02
-1.250244870351302495e+02
-1.669477930258806282e+02
-3.530700553765535119e+02
-1.879562783438813653e+02
-5.572785125205842860e+02
-4.929295151064084166e+02
-1.792292509877196949e+02
-7.604985394551649733e+02
-4.505202722864428893e+02
-3.123715800406002927e+02
-5.032797432727967362e+02
3.545962621232488488e+01
-3.264528595216683016e+02
-1.589307645253397254e+02
-8.477569310511304366e+02
-5.519081371754197107e+02
-2.953658823947397423e+02
1.976052596241173660e+02
-3.250575051738269394e+02
-1.736537460621756281e+02
-1.309630566235190088e+02
-3.302011483316413774e+02
-4.383252731562682243e+02
-6.430341804330208788e+01
-1.553132083592240917e+02
-5.502510280928762540e+02
-4.408188667023263179e+02
-3.551785289516709554e+02
2.376971271274983621e+01
1.164850638317207370e+02
-3.913228243050551782e+02
-3.958344805787082805e+02
-8.863514507488754646e+01
-2.721921317229183614e+02
-5.695525993830995048e+02
-3.551709726961852880e+02
-3.370837168523235050e+02
-1.815513985181937926e+02
-3.243213317938894988e+02
-3.668117987176908628e+02
-5.341812837481869565e+02
-4.108920423894487612e+02
-1.658395085003749330e+02
-1.785109091500432896e+02
-2.138883083876659157e+02
-6.335571102388286135e+02
-4.692596799694349556e+02
-2.431195130112733693e+00
-5.519722860937973792e+02
-4.052866848461953282e+02
-8.358542199460050597e+02
-4.745078308495368447e+02
-4.879185697404317921e+02
-5.793496227455083272e+02
1.989204022410511286e+01
-4.769051356926429435e+02
1.855476122274453417e+02
-3.298655900873528140e+02
-2.627687928361200989e+02
-1.949753881270088982e+02
-6.227797505171222383e+02
-1.826551676059215481e+02
-6.341880023284442132e+02
-2.429280799867196379e+02
-1.858673579771981963e+02
-5.091751767288512838e+02
-3.623019553403073587e+02
-8.509246217219923665e+02
-3.856749267016721774e+02
-1.106812735978522255e+02
-5.128628554678269893e+02
-2.848139501302181884e+02
-1.475737044656942203e+02
-2.952014686794907448e+02
-2.461486014111397651e+02
-2.881582468654244735e+02
1.602380631515846403e+02
1.417738712133348429e+02
1.619954724168242421e+02
-3.313488367938729766e+02
-4.186012989473538255e+02
-5.304627708992813950e+02
-5.899685046288785770e+02
-7.941048625309720421e+01
-9.780590687497070235e+01
-3.345338525980039321e+02
1.855397916530591829e+02
-1.160349218405550573e+03
-5.026274953137927923e+02
-1.671762746095644729e+02
-4.113439468678563458e+02
-5.181541143030826788e+02
-3.479881088851027471e+02
-3.699693799134820438e+02
-6.288630605608711903e+02
-2.836031366919749530e+02
-5.254302563892154012e+02
-5.230736374515212219e+02
-3.447956749219515586e+02
-3.489295866205881111e+02
-3.340362292220601717e+02
-5.881369181452519115e+02
-7.450347525369452342e+02
-2.198822263150554477e+02
-4.803979449989617478e+02
-1.375782611083187987e+02
-4.235363076661665218e+02
-9.326377563293583535e+02
-1.080870186406984658e+03
-5.342489421211721492e+02
5.288898997602396435e+01
-4.185972837584194508e+02
-3.663675975747826215e+02
-1.161936522930724465e+02
-2.415249768727984474e+02
-1.358836093614912244e+01
-1.386359275377518259e+02
-2.133360643532843142e+02
-6.207779972477301271e+02
-5.005856182304818844e+02
-7.982531027994969008e+02
-1.290285070811667651e+02
-3.045273798998911730e+02
-1.726140266959799305e+02
-4.319457469497304487e+02
5.074982077822795645e+00
-4.833980439820355741e+02
-6.031538734316713999e+02
-2.547679543270515410e+02
-7.619211815536921506e+01
-1.317050808261664088e+02
-2.070352667271706650e+02
-9.684168737654383108e+01
9.445176227107641864e+01
5.545829180372949452e+01
-4.833278769817845841e+02
-6.273723651993022941e+02
-8.260591366449181123e+02
-5.128410500217265735e+02
-4.853444523582061265e+02
-1.046799047214208684e+02
-3.761908446102704602e+02
-2.416677542932051779e+02
-4.395664334032383067e+02
-4.537010107771081948e+02
-1.419769131289974951e+02
-3.883826123665743353e+02
-3.730364296426714645e+02
-3.334448459133043343e+02
-1.762619992911946269e+02
-5.462654150148646295e+02
-2.295738613938387687e+02
-3.630016307224112779e+02
-3.395574577137149959e+02
-5.251061515614342170e+02
-4.431643183867645348e+02
-1.902221717273721708e+02
-3.743541991761697432e+02
-2.569048258146099784e+02
-6.606241742193088839e+02
-5.253523498533165821e+02
-3.588635132764003401e+02
-3.237397683585325012e+02
-3.314183635374578216e+02
-1.268277010578907493e+02
-9.005389307554452216e+01
-1.532858654960461990e+02
-5.489823549554264304e+01
-1.240938762712967787e+02
-3.133039469999741868e+02
-6.548342088929607598e+02
2.216712767346585622e+00
-3.595711310292844018e+02
-1.465870565604743092e+02
-5.738099146905717873e+01
-6.339460534322871581e+02
-3.863135487743845715e+02
-1.517512327521810960e+02
-4.547412079568071022e+02
-7.303314981100398882e+02
-3.583051218138776903e+02
-3.003854764164871085e+02
-1.019761612908916106e+02
-2.465453513934740783e+02
-3.497916944369686689e+02
-4.606728868513589532e+02
-2.742794033034687686e+02
-2.748200624591826227e+02
-1.957648931423924239e+02
-3.003981225590929398e+02
-1.816306226228936112e+02
-3.412754341609398239e+02
-1.368129393482881824e+02
-8.252537714684514185e+02
-2.033113407348363637e+02
-2.981837646528489358e+02
-4.214761344682401045e+02
-2.368292704471252250e+02
7.086323679312945956e+01
-4.999236091387624015e+02
-6.356507399919122463e+02
-2.849258131301838830e+02
-1.592189707681319533e+02
-2.636491180605839872e+02
-3.575512233274067171e+02
-3.317801574326074956e+02
-4.702501244948259540e+01
-2.209427273637926419e+02
-5.278180803964722827e+02
-1.027288351700845624e+03
-5.476205108058933320e+02
-4.536520258965683752e+02
-3.242091858105908955e+02
-3.535949690850221714e+02
2.929317471732110079e+01
-7.210618986403326289e+02
-4.210412821531282361e+02
1.341578232310613927e+01
-9.594566896186368865e+01
2.502776162202268040e+01
-1.081673624447570319e+02
-4.105285938615054420e+01
-1.462031769515691053e+02
-9.566200970240987544e+01
-5.307070775379642100e+02
-1.719811487207090579e+02
-1.747749053351389534e+02
-1.383136635619300137e+02
-7.449640192659830973e+02
-5.854672965775922648e+02
-4.599989587782600893e+02
-6.553999638681331419e+01
-5.332147836871681648e+02
-7.102461539858389017e+00
-3.544692559104672114e+02
-3.069269305988440806e+02
-5.915990282159012850e+02
-4.314820789524587781e+02
-5.702381087004071105e+02
-1.565665996393514092e+02
-2.566243243978075270e+02
-1.692590931350814287e+02
-2.503829613078025318e+02
-1.857808815858065827e+02
-7.072527598218030676e+01
-9.105501791507090559e+01
-3.830178832134191111e+02
-2.286713866099136681e+02
7.262505205179658674e+01
-3.648053758773298796e+02
-1.402578048734308595e+03
-4.586476850443703768e+01
-3.626006811774032599e+02
1.475013018867295784e+02
-9.216653878375782938e+01
-2.394956077106283772e+02
-7.999894799235013352e+02
-1.720875066223801753e+02
-3.882911943562916690e+01
-1.309775318476329744e+02
-5.452099805432529820e+02
-3.249070359662288752e+02
-6.312774994345249979e+02
-2.831339122668708796e+02
-3.100746582360752654e+02
-6.576703525233748451e+02
-7.990741752255369192e+02
-3.158272249001553860e+02
-3.157956541666199541e+02
-5.286346118256185491e+02
-5.084057919427104366e+02
-6.540327535364451705e+01
-2.261719815076216662e+02
-3.827624559244225111e+02
-3.834810544577430278e+02
-2.786156070816966590e+01
-1.407100428476993272e+02
-1.976414349518258859e+02
-4.613951781618623045e+02
-2.795222922020170699e+02
-4.918886892901711008e+02
-5.237035909977814754e+02
-3.450166445645072599e+01
-2.483244248813274737e+02
-5.821298299796632136e+02
-6.981461270943550517e+02
-2.756608172251972064e+02
-4.617306700873606928e+02
-8.066070750024944118e+02
-3.418573620102088171e+02
-3.113318995406522731e+02
-1.541953134381932102e+02
-2.451705166556261872e+02
-1.907291657974711541e+02
-1.147745660230713725e+02
-6.659663681970137077e+02
-1.384275362430075802e+02
-3.418657161627009486e+02
-2.899816113015712062e+02
-2.053096654221282620e+02
-3.961858149631275410e+02
-2.764795592141895213e+02
4.531844400370577119e+00
-6.389463036990811133e+02
-1.939170512524558490e+02
-5.470232743245534266e+02
-2.526818582140181846e+01
-7.328119623350909251e+02
-2.885479645374810502e+02
-9.690225746357518233e+01
-2.233751905223992935e+02
-4.713677107712109091e+02
-3.911327449719431115e+02
-1.057653401423739155e+02
-5.200033048887328277e+02
-3.180059699227067540e+02
-3.557469737282673918e+02
-4.985683433858541207e+02
-2.833389045697729216e+02
-5.107445727932724822e+02
-5.780998076078510621e+02
1.078097754879701426e+02
-3.571884841504086125e+02
-9.160971292681909972e+01
-2.082112829746171201e+02
-2.832693821531934759e+02
-3.294474610583932872e+02
-3.625970269016181646e+02
-7.576398921199569259e+02
-7.480197969008847849e+02
2.526111596331169551e+00
-2.964643105220692405e+02
-4.097640814479735809e+02
-6.525312387084119337e+02
-3.306963902713479229e+02
-2.666597205268255379e+02
1.407976174803654601e+01
-3.062389138441376986e+02
-4.313777710771677789e+02
-5.386393773520519517e+02
-7.232660528828401425e+01
-9.181232119276054391e+02
-3.704387627800066980e+02
-3.161628885192178586e+02
9.332773842700419209e+01
-3.766758694407135977e+02
-2.365748389313382063e+02
-2.491670459383813068e+02
-4.532900955335678645e+02
-4.108904020568596138e+01
-6.134229640016656049e+02
-2.228500700166366641e+02
-2.069169263050181939e+02
-3.049739107110779628e+02
-3.860212627597065307e+02
-8.455271122417825609e+02
-3.258749778337454472e+02
-1.028068803525697774e+02
-6.473099764795058491e+02
-5.278627707990181079e+02
-3.701969127563353368e+02
-3.158807480899972120e+02
-4.461337900509535075e+02
-5.321517954125923211e+01
-7.463836197415869833e+01
-4.732078903873332933e+02
-3.046745282176655110e+02
-1.265394966735875357e+02
-2.922130987933209099e+02
-4.761385601106243257e+02
-3.687430866924287329e+02
6.601635013758007631e+01
1.370055821338290158e+01
-2.497740786727730438e+02
-5.924767631687581115e+02
-8.115382474325063811e+01
-1.599999946750691890e+02
-4.793416486687235079e+02
-2.482647463197278626e+02
-2.609496584742495884e+02
-6.293539954526960400e+02
-3.548751462544475430e+02
-4.540098892876737864e+02
-2.937678671406230819e+02
-5.182538979638893295e+01
-3.031708664121028960e+02
-1.350005794388929644e+03
-1.655235418971859644e+02
-2.585571633113032703e+02
2.547143987401094378e+01
1.919084608353511356e+00
-3.906535952361266482e+02
-5.428785332078166448e+02
-8.949144292763625117e+02
-7.091054686523010560e+02
-5.921739536122557865e+02
-1.036005687809352196e+02
-3.083137451650183607e+02
-4.002004992475877430e+02
-1.082964758720442205e+03
-4.693600137656783886e+02
-4.056667238057204941e+02
-8.101527266161730267e+02
-1.368223094835192342e+02
-4.632309816925202881e+02
-4.650376796840331508e+02
-2.380841598395396375e+02
-1.677834837769501348e+02
-3.157957390873280019e+02
-2.976740922167866188e+02
-2.993186593699625746e+02
-2.706057529717498369e+02
-1.812861587908603838e+02
-3.670221566603356109e+02
-2.134440107535530444e+02
6.010626650898181822e+01
-2.964064627270139454e+02
-6.458915790269466015e+02
-4.457034979573573708e+01
-3.208479680568212871e+02
-3.403848687072591019e+02
-3.765330165259388195e+02
-4.251784191464668083e+02
-7.252237344827526613e+02
-4.331134412749408966e+02
-4.823184740426937083e+02
-2.752217288510124718e+02
-1.881582767189406127e+02
-2.232515086415640440e+02
-7.662527957215046115e+01
-4.417066070446715003e+02
-5.667541819179364211e+02
-4.763206159938257542e+02
-6.664722317022581137e+02
-4.640646206394953879e+02
-5.910028468868771370e+02
-5.890227083000778521e+02
-4.083456435876175874e+02
-2.916442605404954520e+02
-6.962628476986168380e+01
2.601173250194399245e+01
-8.380384633997313131e+02
-3.119908322187713452e+02
-2.058655037671915125e+02
-5.257245498260057275e+02
-9.296623613119632523e+01
-7.017594216824309115e+02
-4.115446146195963024e+02
-6.001505299629621959e+02
-6.261911333465218377e+02
-2.088165172923409614e+02
-6.044241166688735802e+02
-4.222824175066150474e+02
-3.640279261751948638e+02
-4.332535431914810147e+02
-1.786370862829278394e+02
-6.251490481269699018e+01
-4.292064135441528379e+02
-4.990285848220854632e+02
-7.668317828097474376e+01
-5.978214384970242463e+02
-1.918990749285609354e+02
-2.999313754060099768e+02
-4.823541808055734350e+02
-1.851535635016837773e+02
-5.366227364850086587e+02
-3.653907619062795789e+02
-8.994815038292379086e+02
-4.963375339595480682e+02
-6.107152187777080599e+02
-1.847907782546361659e+02
-3.170369577785920683e+02
-1.917312890568058208e+02
-5.943746981412481318e+02
-1.704550270016254103e+02
-4.008875825686260441e+02
-4.406880594455800519e+02
-1.925376345157943945e+02
-3.720747861150738345e+02
-3.973479734122300897e+02
-4.382241423464440118e+02
-2.124472953538947024e+02
-1.557777902364927627e+02
-5.205404273341994212e+02
1.799403987243603069e+02
-4.923364940618135961e+02
2.866126012875136553e+02
-2.676173819234694520e+02
-8.286879247149063303e+02
-3.378535058533189499e+02
-2.928854909348355591e+02
-8.107436646785725998e+02
-6.320224620300418792e+02
-5.436822589509872614e+02
-1.610223095462040988e+02
-2.969245556510672941e+02
-1.487105377420461423e+02
-2.566690333283770542e+02
1.958631414905109835e+00
-4.057748732955982405e+02
-4.361606149405144492e+02
-1.778587366791025204e+02
-4.980639268226227614e+02
-5.091953130218780643e+02
-3.601758612322324780e+02
-2.562186464238462804e+02
-3.065722048636047248e+02
-6.601530968428901360e+02
-4.142361439469667062e+02
-3.144440133302580875e+02
-3.199038518884219684e+02
-1.606631721226350749e+02
-1.169810642354342534e+01
1.589707099049965677e+02
-3.104103651617249398e+02
-3.300409919145746471e+02
-3.027515346576237789e+02
-6.591571243321043312e+02
-4.047055845259810667e+02
-3.188224048201081473e+02
-4.527063664048956753e+02
-4.153735784942822988e+02
-5.854410290115152975e+02
-5.789579901631527719e+02
-4.949769381428353654e+02
-5.444204486928159668e+02
-8.844604361256122047e+02
-2.737573624210335197e+02
-3.282746586462016580e+02
-4.159467766882373780e+02
-3.197230197853521645e+02
-6.657134680300323453e+02
-2.980195011261328659e+02
-7.301101936070012925e+02
-8.843718943989040326e+02
-6.782275018909424489e+02
-2.039064296376417360e+02
-4.897637938005019009e+02
-1.202006339608394114e+02
-3.842510712554873180e+02
-2.464483737763380589e+02
-2.643357348285449007e+02
-6.675033508613580580e+02
-3.190218645138933198e+02
-4.051948318544866083e+02
-5.649381329656949902e+02
-3.672126810810555071e+02
-1.814627384123286333e+02
-7.268931385280317272e+02
-2.658330702149133913e+02
-6.188620974134861399e+02
-2.469227823706281413e+02
-1.697363008476948494e+02
-3.511449189096396708e+02
-1.593568900080204003e+02
-3.154808638416139956e+02
-3.574493178043395005e+02
2.111004609206322584e+02
-2.682265264485488956e+02
-2.216662180819875516e+02
-2.294070388485694423e+02
-2.063678134362387766e+02
-4.411723606676979443e+02
-4.850679477150898151e+02
-3.464083091437101416e+02
-2.619177035925362702e+02
-3.114089441922105266e+02
-4.451609563792003854e+01
-3.984152882401684792e+02
-4.313875220646042976e+02
-1.350015924846476025e+02
-7.435497005500816385e+02
-3.671879612858825226e+02
-4.666514697616361786e+02
-5.067088956401210567e+02
-1.154321302157706441e+03
-5.739532848854101985e+02
-7.718215175175701006e+02
-2.991190906516347923e+02
-5.809515908477010271e+02
-8.299775060033364298e+02
-4.119648620384452897e+02
-5.902998978342185410e+02
-7.229604132832531604e+01
-3.175529710455729742e+02
-4.862435978013567706e+02
-6.164970767289104288e+02
-8.704517952666586780e+02
2.049653908920325307e+01
-5.786379766878764030e+02
-6.472602282244082517e+02
-2.124058082622618713e+02
-4.746364502866861130e+02
5.939650257138143274e+01
5.877750287100010240e+01
-2.943116639018282967e+02
-2.299114950614602435e+02
-4.723329974132128655e+02
-7.404881664426899306e+02
-5.180288893096447964e+02
4.695651495732644776e+01
-5.780439529207332043e+02
-2.935887805741184593e+02
-5.783417294149280679e+02
-5.711947009217457207e+02
-1.836861361380423148e+02
-4.872033505558956676e+02
-3.818039502386731101e+02
-5.829673472551809255e+02
-1.476898541925845052e+02
-4.303481616053125549e+02
-6.505360068114453043e+02
8.579786482791810442e+00
-6.736726674521341351e+01
-2.298170283955952584e+02
-6.386106634171205769e+02
-3.204279603295829588e+02
-5.315739512812853036e+02
-7.568552033447898566e+02
-2.359901872919030268e+02
-1.294733137806533136e+02
5.479542013264001810e+01
-9.506217020394586825e+01
-3.135354952961588424e+02
-7.129828987787973347e+02
-1.371242284869643981e+02
-7.752914425852183058e+02
-2.063055348485099216e+02
-3.027869297816911285e+02
6.255899328103999579e+01
-2.088648811674728734e+02
-2.806099735976354168e+02
-7.665562156334539168e+01
-1.555974975057643519e+02
-2.666626107474357354e+02
-4.809239527130794158e+02
-6.357013975183058392e+02
-4.389210390768909633e+02
-1.546192599160045802e+02
4.148978476085757450e+01
-3.281244893507677034e+02
1.532516093486153181e+02
-9.561617719834126206e+01
-7.915744735692284166e+02
-2.585184098772617176e+02
-4.311689513631501995e+02
-1.175361585918706169e+02
-2.703094321210979842e+02
-1.838561650779163301e+02
-1.849726811735305319e+02
-4.366240995923249670e+02
-3.047765909648741172e+02
-3.464107000461447115e+02
-3.570146365655831460e+02
-2.591549999818778360e+02
-5.136908536178744953e+02
-3.270359208063841265e+02
-2.376776864397578777e+02
-3.902534243384425849e+02
-1.436362815492064726e+01
-8.636545874124640250e+02
-9.104903974120136922e+01
-5.915276534879531027e+02
-3.555350190552434952e+01
-5.461772478110920019e+02
-4.112434126046805432e+02
-1.218746729113523202e+02
-6.714258873631191591e+02
-3.208897162561622736e+02
-3.378390193317057992e+02
-1.417085786192363059e+02
-8.251508241124178085e+02
-1.939429602075287562e+02
-4.171515298174737154e+02
-5.529450430361513327e+02
-1.913304541900413369e+02
-1.176539213763853127e+02
-6.165691072960196379e+02
-1.192468199315606086e+02
-1.540383867750828699e+02
-2.593636637019472460e+02
-4.640490254370126877e+02
-3.440341970435821963e+02
-1.043163754557671012e+02
-4.131734387983331089e+02
-2.611984708613522344e+02
-3.313849913472582216e+02
-2.982078478275716407e+02
-5.930411912905739200e+02
-3.826458717240074634e+02
-6.357508126005766371e+02
-1.569546206967848434e+02
-2.703431143929079781e+02
-5.693730815513321204e+02
-2.628394764379619915e+02
