2.549839003672924207e+02
-2.674610049386158153e+02
3.289587570929791696e+02
1.150252544750916144e+02
2.481225316594000958e+02
1.104429354561501953e+02
1.244122236840848927e+01
-8.003495873632367363e+00
5.468732222644675289e+00
7.619759262151578696e+02
5.062603902917643381e+02
3.681279123696489819e+01
4.897568946102921927e+01
7.005182332097602966e+02
3.911707868950165903e+02
5.573556182451893619e+02
1.058377997072553001e+01
5.668419157387409513e+01
4.360308409293713225e+02
1.061286577366746087e+03
4.726500362282616265e+02
1.490650349564779162e+02
5.168827720330590410e+02
6.136737360561193100e+02
-6.461938817867610396e+01
-8.902238126508215998e+01
2.831968027367719856e+02
2.230795905908585723e+02
8.886996847055925741e+00
5.871334292919666495e+02
2.500619846215761015e+02
1.147111663189213687e+03
-3.508589108951362618e+02
6.453952649433192619e+02
4.232095189397252284e+02
1.618450941660356364e+02
7.756242024162332882e+02
4.002884912876937165e+02
3.600519077911287695e+02
6.628630249771106264e+01
-5.900893405278958426e+01
2.020567429162158248e+02
-1.761926357719699752e+02
1.814695724653579489e+01
-9.907416604211636013e+01
-6.172338000099063038e+01
6.177262319307066036e+02
2.583327744156742938e+02
2.541843796250163905e+02
8.555981369652627677e+01
1.980272917349919339e+02
5.754784029991159287e+02
1.325421990525607043e+02
-5.474952624540206614e+01
1.744852991745914039e+02
2.408525289022104232e+02
1.063674632993728892e+03
3.956473815458959393e+02
-3.534184949834958900e+01
3.676519722910831689e+01
2.916406891273752677e+01
-3.985230258807658288e+02
-2.279653251520624906e+02
4.699364101993371605e+02
5.233298934893123260e+02
-1.418841840851717961e+02
5.027934145580189806e+00
4.746767396020277943e+02
6.657517003437354788e+02
8.979341258567797013e+02
4.187340442713398261e+02
6.971188916193798377e+02
9.427262481869948374e+01
2.312713183208076728e+01
5.847524455474652996e+02
5.243332905434540407e+02
6.616379223984591817e+01
2.215823428161471043e+02
-8.086806179552363005e+01
3.223674619600677147e+02
-2.305436638360777692e+02
3.498306294278518749e+02
-3.852419176957073432e+02
2.445925569226586731e+02
3.925894837340944719e+02
4.577947872415730899e+02
3.268537100115119642e+01
3.720063576374711261e+02
6.634501676005028230e+02
5.804452578831572964e+02
1.530499413950443000e+02
7.193411202450514565e+02
3.574769959200231142e+02
1.489899971299968911e+03
-8.893631759136776793e+01
8.517925209301643008e+01
3.356606253596956435e+01
5.763050557315345941e+02
6.703962004899127578e+02
-5.017818321897978251e+01
2.169651603859315969e+02
9.005883090527220247e+02
1.934290931439957433e+02
7.573903290127730088e+02
2.159219328571079899e+00
5.281148333356915145e+02
4.643785159654211014e+01
7.106370128861711066e+01
-1.317604060203681513e+02
3.954275773446112225e+02
1.707579277615861031e+02
3.377429807564076896e+02
2.172913805799797160e+02
-1.124633322657505516e+02
2.782091268512213560e+02
2.333104776104031259e+02
4.543915003635066796e+02
3.269374627906610158e+02
6.906026509833305909e+02
5.690200223654311174e+01
1.755971687627445021e+01
2.788766585044833732e+02
2.941138176273757949e+02
8.505185254274786644e+01
2.951890616142906083e+02
2.282181194187836013e+02
2.920087222888946599e+02
5.409540324897642449e+02
7.829338431377385632e+02
4.653933916996717812e+02
4.374909609335441587e+02
5.413677083152953173e+02
3.657232579797549192e+02
5.723534655447807609e+02
3.277812437805497439e+02
9.526052663346082738e+01
4.155266461136055227e+02
7.921886658187723924e+02
4.191357427621695706e+02
7.955896764520587112e+02
7.790559072856527223e+01
2.935342627641875310e+02
3.607271888134984579e+02
2.037142409695321987e+02
3.458021790522149104e+02
1.489977004610698259e+02
-2.209037015487576809e+02
-5.137115222335199149e+01
1.426062385261563747e+01
3.949041857480390263e+02
2.993300519119271144e+02
2.964533913322855483e+02
2.262667375001369692e+02
2.174047038656095765e+02
-2.968152162094678914e+00
-1.936966435678872358e+02
-1.433163399313625916e+02
6.599925187198711001e+02
-6.214044257033726382e+01
5.575048965024063818e+02
7.527941248269240759e+02
4.813653905878677506e+02
3.061718053895390312e+02
9.441468346090276782e+02
1.268129296203474041e+02
4.175181034594749576e+02
1.129050165596908073e+02
2.768509112217736288e+02
5.583192316005255407e+02
1.057722794713912720e+02
1.154319059563673306e+02
-1.979773595461648199e+02
-1.512440641195999262e+02
5.516547378463073983e+02
4.082538543923766383e+02
5.191377694379410741e+02
1.671304758206118493e+02
-2.493862466684027197e+02
-2.121324497654567836e+02
5.096790046373897667e+02
2.785224732562465420e+02
5.442931852890062601e+02
9.184263084792952441e+02
2.477780772212089460e+02
1.944424141925238928e+03
3.378635433759394147e+01
8.417467305428145892e+02
2.710502802477402611e+02
-2.285062221835703724e+02
3.720550254339390790e+02
1.119303061044995275e+03
6.596235429682041058e+02
2.046056370487688696e+02
-6.896766602047354411e+01
-1.835876158351072718e+02
8.495463673935853421e+02
-2.488570001180572717e+02
2.289064042769740297e+02
2.395051220676500350e+02
2.698784060797262896e+02
6.590927645519369662e+02
1.334103282715666978e+02
-5.485287802776881705e+01
3.941045759163442881e+02
1.188574519710006001e+02
2.326464452837665533e+02
2.185169712821596590e+02
2.864846481330154049e+01
7.058117793189387612e+02
1.174337132883789081e+03
9.623015671588433406e+01
-2.357635126412336319e+02
8.793378414163458956e+01
3.057351696275821951e+02
6.105634781941678568e+01
5.088602489859376306e+02
9.423766460207954765e+01
-3.557462297858265856e+02
4.401214566177696383e+02
4.804956613773480854e+02
-2.243933907517703972e+02
2.464556318533509511e+02
3.433138845351973032e+02
-3.940995702244787253e+02
1.549253738725130631e+02
4.425710796101782307e+02
5.653722515982868799e+02
3.995557272284710848e+02
1.774940086427380379e+02
1.129547792289302066e+02
2.004691311301419319e+02
1.909928587458795164e+02
6.257423337974266815e+02
-5.820796244514116324e+01
1.668441378094075844e+01
5.625035612145702544e+02
1.092213827538291525e+03
5.829582909790804024e+02
3.720544604439639897e+02
-2.708309889635239642e+02
3.815506609910706288e+02
2.951702120756917225e+02
2.710111667844456065e+02
3.985441256742748806e+01
5.989261396206386507e+02
6.448962223832533027e+02
8.400175878637825235e+02
1.283037132560550617e+02
5.755303988022243402e+02
3.002480456499060324e+02
1.246204253395803221e+02
-3.869087473701760018e+02
6.455717161294977586e+02
3.244958605167890937e+02
1.359649856568084090e+02
1.598172215533793121e+02
1.302965456875094574e+01
2.650062553847296272e+02
-5.635117745363798036e+01
8.986552516787413651e+02
-1.924622266710286453e+02
8.680138432084953592e+01
-1.723434982275986158e+02
-1.635623448581571324e+02
-3.204423636920488860e+01
-2.961356157997334648e+01
4.987205082188635288e+02
1.735811694438915822e+02
-9.108515139878227274e+01
4.672061519610795131e+02
1.819468489155572968e+02
1.380361251924139765e+02
5.875394931320480509e+02
-2.567505077913607892e+01
3.193441222833487245e+02
4.590182930867022293e+01
2.363580429405102450e+02
-3.728886927281731118e+02
5.924236045896686846e+02
4.417795089246110365e+02
1.935787632766759998e+02
3.079544933815494119e+02
-1.100535097393857029e+02
-1.055359296382021483e+02
5.244402861702775454e+02
7.639289129735366259e+02
4.059990650936233010e+02
6.533075900496118038e+02
5.620660737629571457e+01
3.449258513622708620e+02
4.681038471808572865e+01
3.177550995252634038e+02
1.828894841024830100e+02
2.934068263178218103e+02
1.399957236753638767e+02
2.359546379214603746e+02
9.600451373817020340e+02
3.707573879356590396e+01
3.402064528160847772e+02
-3.897946339785783607e+02
4.222244252702600988e+02
2.124214936912955665e+01
-2.836977368469575822e+02
-1.292056913511416383e+02
8.934411113230775072e+02
2.747051645496840138e+02
7.432725578541667346e+02
7.527158978304998982e+02
3.024132594534259511e+02
4.164231925160325432e+02
1.439490037629639403e+02
2.848221673546770489e+02
-5.149352676709125944e+02
-3.717874369972543036e+02
-2.357199582173519303e+01
-8.147184765514205651e+01
-2.713412012969523630e+02
1.082605302406505530e+02
5.092369773716835653e+02
3.751247859266654245e+02
7.613666936912857182e+02
1.785880094633664044e+02
3.074791222246435041e+02
1.757112499855355452e+02
-4.029787586245885223e+01
5.859813490542748582e+01
6.781775744893900537e+02
8.193036336021976922e+02
9.132693611660917554e+01
-4.327364553008779069e+01
1.153332990414591450e+03
5.422399602201494417e+02
-4.005342632005467749e+02
2.912876986850388903e+02
1.840925042722598448e+02
1.330885355513537149e+01
2.295809039456478828e+01
-3.829180587524955399e+02
1.028891080384733527e+02
-6.864139908947386175e+02
7.795051437122830293e+02
1.362837204892891663e+01
5.373243733989578459e+02
2.862934677444482077e+02
4.869485455605553739e+02
6.928335444507777083e+02
2.287707779668523926e+02
4.557099542840634143e+01
2.405038184927875022e+02
4.997712473394313974e+02
1.760012432200494459e+02
2.273658502110161521e+02
5.951893020315583982e+01
3.963201385962029235e+02
1.575931801873760776e+02
4.671545692637263301e+02
1.248142246311796271e+03
-8.247894174332961370e+01
-6.938201158367564858e+01
4.045117439344817285e+02
1.415144127323245129e+03
2.380891591281027218e+02
-1.386882050643934008e+02
-7.935338782470326180e+01
-5.388267548341847260e+02
2.111796834006909194e+02
1.196282036094742409e+02
-4.322382076928605557e+02
1.313244519726084263e+03
-9.492885864268204443e+01
2.404930823073345891e+02
-1.939552379900800929e+02
-2.470182366119030348e+02
2.366230776211280045e+02
2.632174718312784307e+02
2.115357308867921233e+02
8.526857377683569439e+01
-2.812878185162993532e+02
1.040667359880787217e+03
2.869141193088141790e+02
1.131011917240768980e+02
5.200991672417734435e+02
6.032926828093860649e+02
2.877101756124218923e+02
2.284210055351530002e+02
1.906062259683064610e+02
6.008250465399238465e+02
-3.073566135217824353e+02
-9.432593728017536705e+01
-2.263785369518215873e+02
2.725818319342034783e+02
3.378029387078674972e+02
2.126530303723762927e+02
-3.298033318859032192e+01
7.706837226132748810e+02
3.750032651824625987e+02
2.228244075797405230e+02
3.779928671835786531e+02
2.820389379460487476e+02
5.311564981853606469e+02
3.828141605123295790e+02
7.688754138556031421e+02
7.361626325871701511e+02
1.666902083423298336e+03
7.499659177146222078e+01
7.291562335789114968e+02
3.597518021488883733e+01
4.730498916233383397e+02
-5.018986035368419039e+02
9.526465259660401443e+02
1.594614504470297049e+02
3.962183353093535061e+02
5.535783562833777296e+02
8.790520739849248457e+02
2.264444884515728518e+02
8.540496668364698962e+01
-6.662627265371256158e+01
3.687632785282038981e+02
2.204645507729732046e+01
4.102888069429754978e+02
2.863874970785220953e+01
-3.259193631699451998e+02
2.653616338707577142e+02
1.488497034677116631e+02
5.784401675768259565e+02
-6.186030165828613292e+01
-4.121058021797075810e+01
-2.624822067483240176e+02
-1.414304107520085836e+02
-2.179186814733874940e+02
7.508535245137572929e+02
4.116215027392380534e+02
-7.123489735014379676e+01
5.093685976831421272e+02
1.867364682093318606e+01
5.003477918747320246e+02
1.614261134610509885e+02
7.730898934886298548e+02
6.593449126090441723e+02
3.732696859786107098e+02
1.644998922700302444e+02
1.911991826191368204e+02
1.262670657599650497e+02
6.012695176965299879e+02
3.590200415873547399e+02
6.113192661059358102e+00
3.125093393157567334e+02
-1.844511332917291924e+01
8.482504124221949837e+01
2.459156771268464183e+02
-1.372561517754399461e+02
-1.449052044114446858e+02
3.642391909816798830e+02
9.683536562386439073e+01
2.783893293003732197e+02
3.388940210284454793e+02
-7.439996588971632718e+01
4.652134740173596583e+02
-5.499096743227744355e+01
-5.184796501378174582e+01
1.437614031363404479e+02
8.386659519164950325e+02
7.628605338386637413e+02
3.202619947836102483e+02
8.601147797816507818e+02
3.124936637801681059e+02
3.395729595404380348e+02
3.419803108229238546e+02
6.114047145543711537e+01
4.795957672808032726e+02
4.692039061081054001e+02
-3.978188648537181962e+02
1.829901254042174230e+02
7.890032700666037044e+02
1.289417479244003516e+03
1.366264419991811394e+02
2.340235230308065582e+02
-1.301870476749745080e+02
5.652940084816092394e+02
5.203196041228256945e+02
5.094996633968765423e+02
1.026729990226477582e+02
7.558256900197208097e+02
4.729588548815022477e+02
1.518684125059441214e+01
-2.183146736889154909e+02
2.708017293501620770e+01
6.364004716332020735e+02
6.060844485671919983e+02
4.067328622082640095e+02
1.665854153700944948e+02
-5.378611779437908069e+01
1.859479872439902692e+02
3.547923028419777438e+02
3.112522038025911115e+02
-3.382774241939829949e+02
-2.936646084422653757e+02
5.879474983572101792e+02
4.344322915456698979e+02
3.279121193021173895e+02
3.494903045630067595e+02
-4.680480456388671655e+02
-2.215082428696510135e+02
1.171736864724301626e+02
1.612359530672193273e+02
1.783312186005755677e+02
2.494528209745912477e+02
-3.385097175748788345e+02
5.259047838475104300e+02
1.684493323978836088e+02
3.822479643631498902e+02
1.581407198538499188e+03
2.940171309721301895e+02
1.735812109455298184e+02
1.622033532840866599e+02
5.259282090322246859e+02
-2.736703598104532489e+02
-6.152230426638291760e+01
5.366961061711558614e+02
5.632035786924948297e+02
3.683447865179325049e+02
-3.144308032228524326e+02
2.797438203060348201e+02
3.999785262135010839e+02
2.616719319151392256e+02
-9.906291309829771308e+01
5.533694126256766594e+02
-4.348533871542101110e+02
1.058954709397497425e+02
3.055983967901521510e+02
3.920206358957723296e+02
-7.945778359873476404e+01
1.415923339879719549e+02
3.950604690617872734e+02
9.585091795198609077e+01
1.857209241879662045e+02
5.429464131947293026e+02
6.195836989292895680e+01
-5.246107446531091512e+01
4.415462509515351712e+02
4.288506361622821714e+02
6.433352340041849970e+00
1.827800232948303574e+02
-4.474713731079746140e+02
3.617295347483922683e+02
2.640825429187313489e+02
1.300679657971352526e+03
3.731052836594710698e+02
2.613678575090260665e+02
3.475810781732102441e+02
4.130619712521618681e+02
6.910812267857550069e+02
2.187982053780502838e+02
8.496822106855799461e+01
4.476035312407983611e+02
7.826503340445331105e+02
-2.464603506897095144e+02
2.635426892793030333e+02
5.876870962524977813e+02
5.018745487804524714e+02
7.493274434672598545e+02
4.220849884268465075e+02
1.531669179135910497e+02
3.370795955579023939e+02
4.572596540807297743e+02
4.447695403536603749e+02
3.354631011800379952e+02
-1.466282870298887886e+01
-4.728080888825914485e+01
3.637748230508819915e+02
9.597607260762961232e+02
-4.809837420863870960e+01
8.278584372459317819e+02
2.447717194359494783e+02
1.646031562849732097e+02
3.377438887590045624e+02
7.990593360927772437e+02
4.274413601344026574e+02
7.657978056590649203e+02
1.259575046590116756e+02
1.225058854771504429e+02
-1.189826650497427920e+02
4.440027585462565298e+02
-1.280002875024921423e+02
-2.658063373135823895e+02
-7.931862854055893308e+01
2.453766289986543825e+02
1.793548464802005356e+02
2.387241631569428932e+02
5.748487302130506578e+02
1.127101296548947289e+02
-1.478678868405107778e+02
5.736745550318513409e+01
4.519603057186344017e+02
-1.974672712458390720e+02
7.092734179234456633e+02
3.900975298269953555e+02
1.525280340950946538e+02
7.689686119627309608e+02
3.680139529464047428e+02
5.777466180756896392e+02
2.571680914138395906e+02
-7.999750964500694295e+01
4.655112115228247944e+02
5.469985704334710590e+02
1.760918853808322808e+02
3.486971460278206223e+02
3.297121314830177994e+02
4.900258745031345597e+02
1.736196658169518798e+02
4.440443571210613527e+02
3.764347946490294134e+02
7.067674689300903310e+02
7.588006043064823416e+02
1.051045865640580587e+03
9.159051986790515230e+02
3.860018346047324940e+02
-2.641198124475827171e+02
6.220990463397610029e+02
2.057471891043946073e+02
4.802011687672001017e+02
8.987086328200848584e+01
4.214578157631185036e+02
2.753914386989386003e+02
1.917618442003110601e+02
-1.266221316729162396e+02
-2.963783891371016921e+02
8.530159829162116125e-01
4.914359158147440212e+02
4.146396676536334667e+02
3.009322370698038895e+01
-4.030587826854983291e+00
3.759323069448887509e+02
-2.744871260429789004e+02
1.541438170087177753e+02
6.531333853920189085e+02
-5.429045851961871705e+01
-8.488611388168740746e+01
1.336254782240564793e+02
1.427724416216687814e+03
3.998448854621655073e+02
1.616833882711032118e+02
-1.164245163729873838e+02
-2.770135363572082952e+02
2.891568149702677033e+02
1.206614811214202746e+03
8.850099284529653687e+02
5.147955896942670506e+02
3.739765655398642821e+02
4.435442777198342696e+02
1.177136135116760300e+02
1.067413509029151783e+03
3.337216743492731439e+02
2.990612417273155756e+02
8.783100038284865150e+02
4.493721143817102757e+02
2.274797642369228754e+02
-3.497108154279628423e+01
-2.400546266552926511e+02
1.863296205340288338e+02
3.026377444883775070e+02
2.201709347177051086e+02
2.647346444782863841e+02
1.659148362906433363e+02
-2.732507649179270288e+02
2.828899488823799402e+02
-6.465140057973076182e+01
1.373571381133548641e+02
5.328626359485422199e+02
3.919221508596920103e+02
1.237944115528288691e+01
8.224572902324385382e+01
1.739448342547603374e+02
1.384359651490947499e+03
4.595980921690679679e+02
-1.153036848573158721e+02
2.864388501147708439e+02
8.659570692943977122e+01
-4.321210453953924571e+02
-7.976763088082593356e+01
5.475419977823122508e+02
5.478544233277852982e+02
3.873282205009902555e+02
2.154678492558749099e+02
4.064799183526744741e+02
8.429191144981429318e+01
4.993636723139620699e+02
1.203589224167785005e+03
4.148224873131478034e+02
1.014472558261981021e+03
2.399419981954004015e+02
1.018172158593019816e+01
3.622810664709372759e+02
1.003401609873458256e+03
1.775609495990729840e+02
6.221264537331297788e+02
-4.080149612585944396e+01
-3.442638056616937661e+02
1.919217908684516942e+02
2.006112313943630454e+02
6.815999268875675625e+02
-2.146763250588775804e+02
2.880718034969631276e+02
1.403779221461844600e+02
3.470944191784428199e+02
1.713735977065219060e+02
3.423363891417426430e+02
3.028667450759072608e+02
4.445998715186923960e+02
-1.633248341373671906e+02
2.258316980279514326e+02
4.148974732280847206e+02
1.648137949408204861e+02
-4.092910447175674449e+02
-2.560564904886720328e+01
-3.343313431855580120e+02
6.033658236897136931e+02
5.576973732421113539e+01
1.589452828453036943e+02
3.597253152143325110e+02
4.367358973868926455e+02
6.880796453641951302e+02
4.365717553356441272e+01
4.439422188250391059e+02
1.447617958407746812e+02
-1.182295256135504928e+02
5.208134414669875696e+02
3.101092758384098715e+02
8.634524870064441870e+01
1.313228891989353997e+02
-2.261689026739483666e+01
2.138116081142610483e+02
4.504308013935967665e+02
9.803679025033716243e+02
1.397506689260414419e+02
1.334992317790724201e+03
2.791802786315830645e+02
3.277374124824449950e+02
2.413701082856240134e+02
-1.617141471055862212e+01
1.188357590346302288e+02
4.447637906901923657e+02
1.743295062809688432e+02
1.427867940302082417e+01
3.598669233326050403e+02
1.703565555710911212e+02
2.140490071845054558e+02
2.405274964442899375e+02
2.466994056935806157e+02
3.263854787689702448e+02
3.342052469166060291e+02
4.995174256094241372e+00
7.956976537091251203e+02
1.088830354606361084e+02
5.291011569534524597e+02
2.410795021078245099e+02
-1.635578244793059355e+02
1.462355457859732155e+02
4.890545856347612244e+02
7.326805337245555449e+01
4.636587686193686153e+01
8.439229512949077616e+01
7.379887110439091202e+02
1.656971749423949802e+01
1.053602691900852051e+02
5.343543271696393049e+02
7.027128030041627653e+02
1.105799552718267478e+03
3.485926559526768642e+02
4.139850367436326337e+02
8.882599894283508490e+00
7.443408694898045042e+02
-6.954125767888677956e+01
-5.430693352690219200e+01
2.574791347864664885e+02
-1.621028312667815783e+02
-3.448190547813759110e+01
6.497295550396619035e+01
5.703336098348468113e+02
-2.917471213853937684e+01
3.569671986102282517e+02
6.159871942276143955e+02
6.008535885508638330e+01
3.389126935775936431e+02
4.730949688401572928e+01
1.018028557709112221e+02
-3.385666487146123131e+02
-3.722852424800161231e+01
7.778865028218790485e+02
2.973502440806059326e+02
7.125763117998386065e+01
2.240397963607184124e+02
6.731472499303296217e+02
1.188676600468599531e+02
-2.877945623149457788e+02
1.590110300542590096e+02
9.057213318859565732e+01
6.726086385858002359e+02
-1.256185342861589618e+02
5.008927711601863848e+02
1.674666020909204178e+02
-8.989459048890324766e+00
2.365985455476378547e+02
6.622329090608441220e+02
4.339563323906411370e+02
1.323881754867415168e+02
6.586900582688861050e+02
3.396971952619496733e+02
5.787042479674288415e+02
3.316168543380778999e+01
-3.417143054571943139e+01
4.539870212061956067e+02
3.438236089347934126e+02
1.026928320777176680e+02
3.073197994826828676e+02
6.452320886706273768e+02
4.834052784002706176e+02
3.557478503181818610e+02
2.646141138972826639e+02
1.011389362567210355e+03
3.676868476659163889e+02
1.166199477126477404e+03
7.388806394489564582e+02
3.057027562419307287e+02
1.832233397728168711e+02
7.061243811370843559e+02
3.047220408457354210e+02
-1.313391717949812971e+02
5.340402342130832949e+02
6.479193853936571941e+02
9.771492181517263020e+01
1.457960098768220973e+02
3.667760182234434865e+02
3.978406073426211975e+01
-7.131318002375894594e+02
8.749938375875470911e+02
1.814305786671620524e+02
1.017404474026058665e+03
4.485135872493049192e+02
4.779959616277914733e+02
1.929637625882078851e+02
3.076869310067955325e+02
2.527184900243146046e+02
4.765816688341114968e+02
1.313839097331459698e+02
8.170750872383179058e+02
-1.525626325251299988e+02
-5.936415268565298931e+01
1.458491175112086012e+03
-4.031756472436483136e+02
2.535398769932072014e+02
3.559849056370511278e+01
2.182747196674642964e+02
-3.553168773166563028e+02
2.429025883848201062e+01
9.499618757633272708e+02
-1.589674292203859807e-01
6.799347335194344168e+02
6.444629716516907365e+02
-3.779426842919069145e+02
4.666089899439673445e+02
6.730253896586847873e+01
3.581669131113179674e+02
3.527803774584428425e+02
1.277603070555997249e+02
5.704208357201931676e+02
2.495924831070037158e+02
1.477199288627026363e+03
1.508451711286945738e+02
4.163874056828061612e+02
1.231798868556348225e+03
-1.722720591472415776e+02
2.392685584922940620e+02
6.183990652244425519e+02
1.983521489997256140e+02
2.689880064330521918e+02
5.703428797364474576e+02
4.844082994167491165e+02
5.022615035894880862e+02
7.069633915339517216e+02
3.206663587204632222e+02
-3.108356879531537516e+02
5.034217817028123818e+02
5.624143462785986713e+01
4.612046285588124874e+02
5.092063247638547523e+02
-8.038001916203654673e+01
1.261933859886741175e+03
1.381164646173816948e+02
1.748928716790762792e+02
2.244102881162139624e+02
8.339467673650359814e+01
8.740645640617675554e+02
1.405224060937381694e+02
2.990044242119287787e+02
5.103409874213837156e+02
8.281157671591863618e+02
-4.226531399027574309e+01
7.392735439902160124e+02
1.283511029530152996e+02
3.228756716732332279e+02
1.233952926982123444e+02
-4.673912792256068371e+00
-4.296640880612424951e+01
8.242481831921459161e+02
-1.589094679444136489e+02
6.780340765730986732e+02
5.883242831856680510e+01
8.052401893023586581e+02
4.803214870038758022e+02
1.379983938453129895e+02
7.621692785224084332e+01
4.179218648199981772e+02
6.494954221358049153e+02
2.127644533235653341e+02
3.718346961681544371e+02
-1.012036765192976873e+02
-4.214984688366935472e+01
7.611410881145679923e+02
1.710492314894354422e+02
5.769293075768014489e+01
2.428959789581695077e+02
3.983444591681777638e+02
7.936531280750326687e+02
1.773706620765591424e+02
8.078263979705536713e+02
7.209491476603185447e+02
1.051106867326905530e+02
2.634784895337220405e+02
-1.040481291587287558e+02
3.977798345998177183e+02
5.664465192063928498e+02
2.614227668552161390e+02
-2.100159950126016639e+01
8.464427588569805039e+01
-2.593117571246663147e+02
4.436750155310002697e+01
-5.713029635873535028e+01
2.210419424791271936e+01
6.434861336175342785e+02
-4.253376332347299922e+02
5.768944206264287686e+02
2.152675192214615549e+02
1.596725725569546057e+02
4.307411982448567755e+02
2.671521944798171262e+02
2.327821218243670671e+02
4.664364413694909786e+02
-1.994636426019806663e+02
4.412253778151439292e+02
-1.973481534917148679e+02
4.288997050334714913e+02
-2.917659809241553717e+02
5.253682495625279216e+02
-4.681346359128873758e+01
2.163170130964339535e+02
6.249122280530935996e+02
2.275036448164497074e+02
1.931577732998233046e+02
3.462836511339135086e+02
2.826039948138908926e+02
1.723547880748556906e+02
-3.907776215400364777e+02
3.685674506579314311e+02
4.582936512576896462e+02
7.445921906649444963e+02
2.013345112601508333e+02
3.799939539438678082e+01
4.013249360689711125e+02
9.830892381583232691e+02
-1.076876505273641271e+02
6.751664049816861279e+02
3.800247602654807224e+02
3.504422301227969569e+02
9.969937317724982222e+02
7.925501004642279668e+02
-2.973090093514871910e+02
1.575117995340820016e+02
5.432609290461557521e+02
-2.574633131939722830e+02
2.316735539453298713e+02
-1.172573434478783838e+01
3.032503790751773636e+02
4.953348222251082120e+02
2.338436125099954666e+02
4.391427925530321090e+02
4.812681839548812377e+02
8.598350810748402751e+01
6.771289989744135482e+02
2.020391950069581810e+02
-7.705987100704237491e+01
5.044238760268920032e+02
1.607258555371744251e+02
2.575405427788035695e+02
5.530548543576699103e+02
3.718366688575744092e+02
5.499594870738992540e+02
-2.059034023887452065e+02
3.623776160508729163e+02
9.782661272971654398e+02
