3.578867363373737476e+02
4.113651086373732824e+02
-2.014536800048672305e+01
3.493273515052511584e+02
2.325654165747338595e+02
-1.165033749041955389e+02
-4.516897086448452114e+01
4.500391272304512427e+02
1.887931141775232504e+02
7.833193321708949952e+01
1.000689616833182640e+03
4.183856645466527766e+02
4.407735480050604906e+02
7.487819932337038153e+01
7.333654308001902109e+02
-2.134314271039814628e+02
5.609814373141770147e+02
9.699721666792898134e+01
-1.873287684181067618e+02
1.909999711722217910e+02
4.869738236024069238e+02
-9.007144658549977123e+01
-1.711838059590916714e+02
4.064810495940697592e+02
2.595756452135679524e+02
-1.805017088155570946e+02
2.801676901373770647e+02
-2.786368172196687283e+02
1.637292360816682503e+03
2.886071455143900266e+02
1.346076553540327438e+02
5.009627378636630368e+01
5.864816326784515468e+02
8.181113479304735847e+02
-1.127320357442293073e+02
-4.347021273585721701e+01
-3.045604727560281617e+02
9.853196974695199515e+02
-2.732305125764989953e+02
4.791788349106842020e+02
7.080674455229851105e+01
1.090456490028219037e+02
-5.852400470517920894e+00
-3.093859897658788327e+01
-6.112890265688422460e+02
-4.772061285666519552e+02
-1.477344778150608988e+02
7.040775387388106310e+02
4.030702478330435383e+02
-2.456154676461415249e+02
3.658031900820242868e+02
3.011421206358909899e+02
2.716830885184824069e+02
1.593508926299932398e+02
5.129120141024250188e+02
-1.621038392103959325e+01
3.051519086794274571e+01
-1.417004382419652018e+02
5.897924933026740035e+01
5.341150943148318220e+02
1.820392117182121297e+02
6.128238270161246248e+01
6.905179154670845492e+02
8.153061079997952447e+02
-9.737595437077858662e+01
3.020519975248795390e+02
-2.364343249855775184e+02
1.455637542290052124e+02
7.469280985212283213e+02
2.002762923532752950e+02
6.659491632423533929e+02
6.660980248966646968e+02
4.634421508034205885e+02
1.190913333012272233e+03
-1.141250449445533661e+02
4.931767688971739290e+02
-5.569942105549119304e+01
4.924412087662183808e+02
-6.251495017961707390e+01
-1.575807741718792556e+02
1.358079950908182809e+02
4.597841545239342054e+02
2.064220044214366681e+02
8.470680613928410594e+02
-3.705031734099537744e+02
1.129379356791011304e+02
-2.853046407164808329e+01
4.218273310588319305e+02
3.940719214375965151e+01
9.107155990267985999e+02
1.121565134489925555e+02
1.026390550917639501e+02
4.299603687391929725e+02
8.050620820192324345e+01
5.178786272040200629e+02
-3.482159155886068902e+02
2.322849646846837146e+01
2.968754377119312267e+02
5.505844471069066230e+02
4.610723861801937460e+02
-5.363807934055556359e+01
8.215016733138007794e+02
8.288101274148759501e+01
-8.787657644117334144e+01
7.053849398187956012e+02
6.622413970277971202e+02
1.133755264286487318e+03
1.220399635776996803e+02
4.815294887461042208e+02
9.473677492674660243e+02
6.516440891325690927e+02
3.125843362640592318e+02
3.938843415479061605e+02
1.034350387198265480e+03
8.472699860750826701e+02
2.214173864669893419e+02
2.752882182088584955e+02
3.906252041168095275e+02
5.492334194429982972e+02
4.657036477354226918e+02
4.872572845509961894e+02
1.788786569037837637e+02
8.128022163482410178e+01
2.799203946329674864e+02
7.053800686903443875e+02
-4.696653287766500284e+01
2.596784082952663653e+02
1.924715244154600100e+02
6.058913101924534885e+02
-1.183113036584412896e+02
-3.310432566881121375e+02
3.283712006988993153e+02
4.327690368858987569e+01
3.781220435340471795e+02
4.644523953081950367e+02
4.724174407767276307e+02
4.053545446204168456e+01
6.486237151836340900e+02
4.663448330200233727e+02
2.146801531627802149e+02
-2.617052310635971324e+01
-5.575086904236901830e+01
-6.297863548463078587e+01
1.711507569154375119e+02
6.037785459313914771e+01
-3.297317668218379936e+02
5.217052702107034747e+02
5.945968692147994261e+02
9.566302846978512520e+00
-8.894608413756898813e+01
1.707628330704843620e+02
2.996888222356003553e+02
3.219107022487436325e+02
3.266218672845193396e+02
3.291402876959678565e+02
1.256623271070136525e+02
1.514816946928971788e+02
2.039459295353375978e+02
-3.413758931522110061e+02
5.936931795194456072e+02
6.891631970142208274e+02
-8.240025381822471218e+01
-3.445175334460127914e+01
3.894252006067857224e+02
1.026630222350548593e+03
2.064357980780227422e+02
-4.811958467123184846e+01
7.638129107904237571e+02
-1.004700401821080291e+01
-3.887993975637751873e+02
4.234723100841827090e+02
2.576279906828942785e+02
2.313775650200452674e+02
2.644852988405884844e+02
3.377543171134748263e+02
-9.451160148948176243e+00
4.610399659497302878e+02
3.398047309502480857e+02
1.236786185297494285e+03
2.433627540792313084e+02
6.842839257698872188e+02
2.339388240519152760e+02
4.409889391916652812e+02
2.850515440607422875e+02
2.011747245272453597e+02
1.360747472068694321e+02
4.342954831950685275e+02
4.017105564178316968e+02
2.815719777645233535e+02
2.514393871919981223e+02
6.946819699098979299e+02
-1.891029860254325285e+02
4.251325704179694043e+01
5.950895578848147807e+02
9.389761559347326738e+02
2.536962007415965275e+02
2.222469264109106177e+02
2.845503347694611875e+02
1.646540773816949752e+02
8.826087533629706741e+02
-3.615071976527837592e+02
7.042845588629279518e+02
7.838366001105529222e+02
9.607014310218119135e+01
2.378095049108433443e+02
-2.674418960067006878e+02
6.130226682803189533e+02
-4.133783269582959008e+01
3.491782147087669586e+01
2.160702981932507782e+02
2.368306374968905743e+02
9.223614812730570520e+02
2.074358724666109310e+02
3.540170096215867943e+02
4.195777771837316550e+02
-1.250560008140976862e+02
5.447939055628070264e+02
5.296476431793587381e+02
4.682596380057736951e+02
1.646671022815321521e+02
-6.354599872143754169e+01
3.669176098167724831e+02
1.283525883867098401e+02
6.484518418642827555e+02
2.798041208375294104e+02
3.575616923762592023e+02
9.705850376698397213e+02
3.723970731775014542e+01
5.118457881875388011e+02
5.273605046584897309e+02
4.118231012947476870e+02
2.103608209143403087e+02
1.134247143023858655e+02
-2.372079175304812679e+02
1.135862324353840620e+02
-3.479041699391329416e+02
4.430629209231431105e+02
1.167049222186751081e+02
2.855329909517121223e+02
3.216950570689095912e+02
5.393947950480080635e+02
4.107054045664947353e+02
-3.142818177951769485e+02
6.607708073382157181e+02
9.474884034124907828e+01
1.003638864736780647e+02
1.836871055324894257e+02
1.912060627699949578e+02
1.445845592912054940e+02
-2.245370426286736745e+02
5.030248674845152550e+02
-5.427918906419877203e+02
1.144475901494868822e+03
-1.830718655385130660e+02
4.719485493981179616e+02
1.833266951363997634e+02
-4.907292404121400295e+02
7.992867592230544460e+02
-9.603464714050200257e+01
3.520633848851512653e+02
9.080399231065102867e+02
8.475992027786324456e+01
4.957878234500730485e+01
4.429666972077737341e+01
5.758862664071469339e+01
4.678734538948793897e+02
6.460044728119825663e+01
3.021229589779105709e+02
-1.810468911947006063e+02
1.358270864612377125e+02
3.815976495253472649e+02
6.142262494319011239e+02
9.064904904826406096e+01
4.164760744352410029e+02
3.332833756585028482e+02
-1.126498117034887798e+02
-3.038130014565385295e+02
-1.135251327188890116e+02
-6.982077109221414446e+00
1.137441913656760732e+02
8.003281059207205317e+02
1.582295583678737216e+02
-3.657635049742135607e+02
-3.947580548698885536e+02
2.605585678438574178e+02
6.515637185661875037e+02
9.392360502833372493e+01
7.267693904791485693e+02
3.058119323148289581e+01
-1.037652052346200122e+02
5.100661590287164131e+02
9.848795500850636699e+02
-1.008374306462547736e+02
4.667830251646739157e+02
4.717971366129496005e+02
-2.230079139141564610e+02
-8.025457931929335587e+01
7.628662207859221098e+02
1.859282499401881807e+02
2.070392548867169467e+02
9.611486540937358996e+02
4.796029478969736033e+02
2.650014571069227713e+02
-2.779155993057269143e+02
4.641227187168287571e+01
-9.913528841848039974e+01
9.392901323527107706e+02
-1.590621973830653246e+02
-4.271471392444952642e+01
9.860393718840479096e+02
1.508321006223203042e+01
8.898280349407962149e+02
2.179108328955758793e+02
3.134796300377307148e+02
2.742680186510843043e+01
7.491933049567268199e+02
6.057439854268011459e+02
1.546260281693883485e+02
-1.396018706507830700e+02
2.676941309607331618e+02
8.481906339874461764e+02
3.462592275538129343e+02
2.940948737110420552e+02
5.533462759174685743e+02
-2.967993543194533146e+01
7.015220843772765420e+02
-9.934968295028909324e+01
1.755202112937363950e+02
3.836068531582037622e+02
2.434382683783787797e+02
1.880569493073644480e+02
-4.631014124906089080e+01
4.833251035696545159e+02
8.181724155341160554e+01
9.204040957650438770e+01
-8.125772747385677519e+01
1.459504847599722268e+02
8.226526046299203472e+02
-8.738238492301469762e+01
3.858585500402124921e+02
5.209959739725500185e+02
2.775809613208650717e+02
3.304537065214977360e+02
3.877601689934284082e+02
4.579925514789042040e+02
1.067617517593830456e+02
-9.002165778964268839e+01
5.232629374916579081e+02
-3.697303564049150282e+02
4.283595260088202394e+02
2.023259704310775362e+02
-1.868574750080538536e+02
1.060366749059516451e+03
3.239405328883914308e+02
1.468023146465790063e+01
3.088223493717821952e+02
6.404387170452616829e+02
5.940349574418860357e+02
2.267469834876403638e+02
9.080690704065348200e+02
3.073496716592901024e+01
3.634236406720029890e+02
3.308816154583543607e+02
1.156179547882798175e+02
1.093633091083396039e+03
3.798321452720251301e+01
9.113980045702301425e+01
4.406566117568530672e+02
3.525728290866936732e+02
3.578084205266150093e+02
1.100326453832195966e+03
7.194658093980891636e+02
4.149975376346816347e+02
7.659286643351214252e+02
-3.331686785251279730e+02
3.654058953676442911e+02
4.579597968002706665e+01
1.148928803653609748e+03
1.628293078818073809e+02
5.977735965490459193e+02
3.771723645559176248e+02
7.197975764504219569e+02
5.264587184243039246e+02
7.672872887508043505e+02
1.249373909391801476e+02
4.357607389927329677e+02
9.336978718211125852e+02
2.602853401241725351e+02
-3.098701559758567896e+02
5.828816208906024485e+02
-4.636534049105142685e+01
2.752601759594568165e+01
4.390731387624095987e+02
8.201235089520363317e+02
-5.803084420016098193e+02
6.140351425039964397e+02
7.576938694353949586e+02
1.572925962506981534e+02
4.537530964471340553e+02
-2.495559140210412465e+02
3.277031180418898657e+02
2.765948857315024725e+02
3.412936244086963598e+02
1.529045593590043950e+02
-7.912250244600393501e+01
-4.224902150051831882e+02
1.636211881885734272e+02
8.421630102906332240e+02
3.728423470996689844e+02
4.172043487059610811e+00
3.060129443814724368e+02
2.548558628335963192e+02
-1.131304942456758198e+02
1.049483539289110695e+03
2.617689314815758053e+02
-5.634971734083222827e-01
-1.155158728511672166e+02
-1.870643491404030669e+02
5.616303237458632793e+02
5.144565782428335297e+02
3.816436824348809296e+02
2.581854985405524303e+02
5.685127935281080909e+02
5.752202806411056599e+02
5.264313044057107618e+02
5.946146017174010012e+02
3.952419681080413056e+02
3.740438281189241820e+02
2.768023700974300141e+02
1.492987822206834494e+02
2.483608763680435629e+02
2.507454969469407615e+02
8.084319209891925766e+02
5.238540512311466273e+02
-1.429872001485139492e+02
1.180797675315633910e+02
1.884718400418031479e+02
1.176052868534652362e+03
1.024687514868162225e+03
-5.312820468266799168e+01
2.051024375472189263e+02
2.788326927387430487e+02
2.143416986973252847e+02
-1.357930909622059517e+02
-3.977587246425899252e+02
-1.334738087029560916e+02
4.492033663728952320e+02
9.324164094168977499e+02
1.468938388326390623e+02
-5.448620535286351441e+01
6.312720462999357096e+01
-1.433699631935504613e+02
4.234862278692826294e+02
2.672537916260683915e+02
1.727461548078000249e+02
-6.885399042273515136e+01
2.885292493052054397e+02
3.480238953619989957e+02
9.952917742678394575e+01
-2.130992528465845837e+01
1.947687578635589603e+02
1.684032433657761487e+02
-5.049036777643912899e+00
2.479484765402298478e+02
2.901665254903138020e+02
1.715956021160355860e+01
1.419315782228379987e+02
3.327582380952574113e+02
-2.834874152890609267e+01
-1.567621875590599245e+01
-9.045599028551558263e+01
-2.801092387742918959e+02
6.730974955927977135e+02
4.692640008771962812e+02
3.707841072878035789e+02
6.364432454994761912e+01
4.119692794308699604e+02
-1.804606210974810381e+02
-9.188544997470401654e+01
6.673663063898071641e+02
-1.499711914835332038e+02
6.952279552523253869e+02
9.522397275645761283e+01
2.904376472527630426e+00
9.726639462558932792e+02
5.434677723507311242e+01
4.611759503438740353e+02
-2.957776916437553609e+02
3.514545833041294145e+02
-6.072578696879868403e+02
4.665597789485227054e+02
1.181560090008007649e+02
5.416044582015035758e+02
3.621823027275219715e+02
3.157651516859597223e+02
-2.885645844430641205e+00
-6.773645921059556940e+02
-1.589718327470539236e+02
6.663853171241852635e+01
-1.401897830754992214e+01
1.810263185793139940e+02
5.322605848929101739e+02
2.447384623540095845e+02
3.239401201355498188e+02
3.839555591289085896e+02
9.974023168625654989e+02
5.285981849923791742e+02
5.243837002404285386e+02
-9.840582003418357715e+01
5.057335584012632239e+02
1.518348897577262164e+02
-1.038307097596915582e+02
2.949944276704208619e+02
7.944013834637106584e+02
-1.742262567825025883e+02
4.327696733622260012e+02
1.483470688634877206e+02
-5.384509171248797657e+02
1.632885328922504300e+02
5.536312591838618573e+02
4.068982311138722139e+02
3.866857328966643763e+02
7.364332525579130788e+02
3.853732107060399414e+01
4.374750063251838696e+02
3.846680630744957625e+02
-8.971279742160037074e+01
2.701751055839253581e+02
3.000813367488293579e+02
-3.787050259235297744e+02
2.105592061804820787e+02
-3.913573118287447983e+02
-1.958741160555513829e+02
1.006239289142198459e+02
5.179612291298830087e+02
7.352479543658985222e+02
-4.539331070683367386e+01
1.209110741935133291e+02
-8.359855270813460493e+01
1.182747384618750033e+02
9.444295626512570152e+02
1.296525242831560263e+02
2.367323886109354589e+02
7.449417676334475118e+02
2.561824741412461890e+02
2.855407847925352485e+02
1.769189794123980732e+02
2.126995363030788155e+01
5.387933700702087663e+02
-1.005333661896571300e+02
3.695145972046692577e+02
8.231638915708297191e+02
-4.741024826911325363e+01
2.594523622788453849e+02
8.258598990095857744e+02
6.762725471534325834e+02
6.634825698244862906e+02
1.994185014085563168e+01
3.955465374759615429e+02
9.706994883439621162e+02
1.849335655727322774e+02
1.045672333161464351e+01
1.001811316950945979e+03
3.625665330958081540e+02
4.277634548453988259e+02
-3.311000890555079224e+01
1.333280291184801172e+02
3.753689682476152711e+02
5.826719628523234462e+01
5.728856408172371175e+02
7.002336839664005765e+02
5.506739484824528290e+02
5.838608221744573257e+02
3.831755190076009967e+02
-3.609676917907774651e+01
3.028293971896778203e+02
1.038143601480647931e+03
7.331772996547705361e+02
3.146640043089653886e+02
1.152674437152714518e+03
3.853420312383912574e+02
7.978117256996685001e+02
2.479178232781227109e+02
-1.544523745920201918e+01
3.893527137057398591e+02
4.370658464813863020e+02
3.035440831756559277e+01
-2.889038367685044477e+02
4.516426723086179322e+02
1.764315520681012686e+02
5.609710338511413283e+02
4.089098501588321710e+02
4.788420389835685000e+02
1.564806987300002277e+02
1.177174190218840067e+03
-1.428444434205703146e+02
-2.555375039605897314e+02
6.568117913644614418e+02
5.021740336227474586e+02
2.567921702237896397e+02
-1.381372285177454557e+02
2.364774771227232009e+00
2.003620851148439442e+03
2.420920338883785234e+02
-3.804327206406517092e+01
4.729281697337546007e+02
6.098085323542612457e+01
1.974173369527125601e+02
5.261357269397558412e+02
7.809820086877368794e+02
8.329478753026522497e+01
-6.747114499834071921e+01
8.544887261368278359e+02
2.391052661249375433e+02
9.299757705436849164e+01
-2.824742354303680827e+02
8.099647735664380832e+01
5.082935091622182426e+02
4.871465198416113367e+02
1.086416744266621436e+03
3.143661306004133280e+02
1.030947853170825283e+03
-6.683028132030572124e+02
5.951333061247472642e+02
7.830807490601622476e+02
-2.970040865821443958e+02
4.729415301350529717e+02
5.441696169447893681e+02
3.165703407022456872e+02
-2.712741694543723838e+02
6.126139885875636537e+02
-6.382496798850447561e+01
-3.974870465876688286e+02
3.474601784873964334e+02
1.429190238015519299e+03
-1.072788189487057622e+02
3.914529960250033582e+02
-9.524964220041522367e+01
8.380613589352415715e+01
5.313852954807449578e+02
1.493601118190003660e+02
-6.057024732978989334e+01
1.863233386150274100e+02
2.574321730989411208e+02
4.462485328498510739e+02
9.074434992461489173e+02
8.436419014270816774e+01
2.706013529325978766e+02
3.640597702372255071e+02
6.984714704199124071e+02
5.504488741594219618e+02
3.299158052849257956e+02
3.616593496023857028e+02
4.729869355777018427e+02
2.637372698890240486e+02
-2.527268517824510496e+01
3.578750548781916336e+02
8.108178226008455169e+00
1.532724317381059009e+01
4.065610894706233012e+02
3.216729030150693802e+02
2.459138435421716906e+02
6.049121917100501378e+02
7.104321054176111829e+02
5.643492814226436849e+02
-2.300345076105226667e+02
1.037773264838347984e+02
-1.774294615756635096e+02
-1.197008351152802561e+02
1.036642507263309653e+03
4.484182743079595639e+02
-9.211676546500953577e+01
7.831534619191644708e+01
-3.486590532120330010e+01
4.813886335661471207e+02
3.902717907912537498e+02
3.037625637716641336e+02
-9.155665308197221464e+01
-1.904279303840934290e+02
-1.627057834523626525e+02
-4.949687313653735998e+01
1.707036303684369614e+02
4.135721547675760803e+02
1.627842758034726103e+02
-8.964874979696480750e+01
3.712927727610631905e+02
1.340971736255208668e+02
5.144905258458496746e+02
3.343199888573707881e+02
3.616375593960317474e+02
5.173516940490183913e+01
5.885229373508273909e+01
4.686609308755552092e+02
1.352232080904409770e+02
-1.042261798002213169e+01
2.397765950071253727e+01
5.368829579182983736e+01
-1.658734164267686424e+02
1.330576301064122902e+02
9.673296350091384284e+02
3.479275069380586842e+02
2.653207625053639731e+02
9.221046316775202456e+01
2.747966673636914834e+02
1.685818270170165363e+02
3.862889447844744950e+02
6.605353471177065785e+02
1.249380768426253212e+02
1.406321178211664176e+02
9.190137182452118623e+02
-2.331047613343004627e+02
1.847192050265492185e+02
2.752676123676889688e+02
2.854390421699266653e+02
3.875597523911416715e+02
4.574483361493792586e+02
6.201599172192433684e+01
1.550510957911860999e+02
4.960274333188431797e+02
-8.780837015259346856e+01
-2.606038011479250258e+02
1.042782355602888401e+03
1.829654129832270257e+02
-1.944971045626931243e+02
5.266320131300587946e+02
3.032932466678888090e+02
-3.052318260981520552e+02
-4.252067715246954549e+01
5.770225439785441495e+02
-9.222547395461710096e+01
5.657575976670334512e+02
1.354879792810791059e+02
-1.564032886748219369e+02
5.113862940288471464e+02
1.455210244516189277e+02
-1.943790899188353904e+01
4.997223424216511489e+02
6.754569368026767506e+02
3.728090014019751379e+02
5.766683493882085259e+02
4.225949589566038753e+02
1.292228130816049543e+02
-2.522176313077081033e+01
5.765400173814973641e+02
1.944448747175430299e+02
1.672256160375009983e+02
2.722535647373620904e+01
-4.393064649102658450e+02
4.026448396934869720e+02
3.595329237334435106e+02
2.839386296545532105e+02
5.973687578468208130e+02
9.774308144620576400e+01
1.468084045434127347e+02
1.592907392840998568e+02
2.224609369941841237e+02
5.199666266616811754e+02
7.610891458115995647e+02
2.720885983933503098e+02
7.884343082997401098e+01
-1.549573781415056430e+02
4.626048506836672800e+02
2.232611370677286402e+02
8.256099420950970398e+02
1.890574949392095050e+02
-1.639252986104420984e+02
7.443784447377650793e+01
7.638324681584616656e+02
3.095923735066143081e+02
-6.262178716338553386e+01
1.805848716632958713e+02
2.925255841152084599e+02
-1.667703962652240079e+01
4.375162484455647132e+02
1.176488081697917778e+02
1.351301764364214932e+02
7.522979072123843025e+01
4.617289284589336376e+02
-2.555314683860501077e+02
-2.350147745559195869e+02
1.376846638523275601e+02
-8.848561353662981332e+01
-1.486105931990059901e+02
8.328468026541914924e+02
2.819162634985985960e+02
6.103201221706241313e+02
2.978170094657263576e+02
5.788097839018063695e+01
7.334573386132972246e+02
8.227057552121027584e+02
6.242513918644946216e+02
1.306000085419490233e+02
-1.872646644562036755e+01
1.803801185459838905e+02
8.501106585178764874e+01
-4.400225135261851506e+02
3.186920154612707279e+02
3.773984732020462616e+02
3.952361992359321903e+02
-2.819053691707151188e+02
-3.422914893210365221e+02
5.461667153282144227e+02
3.326721681555895884e+02
4.282828623716995935e+02
9.187460689784418832e+01
7.131117105175495681e+02
-1.376425205200310415e+02
1.144936748305689662e+03
-5.206808592463427487e+01
1.443444017867497564e+02
6.084646039393846877e+02
3.908213975343246034e+02
-2.955138202531163216e+01
-4.501157622134617213e+02
-3.364277295771007203e+01
9.393889755465741018e+02
6.597449420783046037e+01
-7.921509907313301824e+01
2.320457292021175135e+02
-2.242062681146244927e+02
-5.447647995941689203e+01
1.609743349328093132e+02
-2.117752303018085058e+01
-2.413041221199302555e+01
-3.484514795358474970e+01
4.212801906070055793e+02
3.716485780338956033e+02
1.179818252854491050e+02
1.892325646917340407e+02
3.285833765550044063e+02
4.857012431287172944e+02
4.063056779076787848e+02
3.542823190971955682e+02
3.289545393112998113e+02
2.196705886942199584e+02
3.021189738230347075e+02
4.064563477563320930e+02
3.259652063520464935e+02
7.908715604374107500e+01
4.268039589493005224e+02
1.184357184335848842e+03
-6.737362774171494095e+01
2.986960264525533262e+02
1.456396067944264814e+03
3.680509267425374560e+02
1.089031858329759785e+02
9.384437597107029205e+02
-1.096152284027965322e+02
1.221216941901982864e+03
1.436894063309436831e+02
9.573630474009385694e+01
3.485825677778329350e+02
1.711068446466481134e+02
1.632826836024785848e+02
6.427030876851317771e+02
2.456522736405637772e+02
3.456993521129740543e+02
1.204913471908533893e+02
4.480124222129006739e+02
3.083317199870302829e+02
6.861727518307592391e+02
8.207571487747512720e+02
3.176481906392637597e+02
7.078775419647199669e+02
-2.279111315661567971e+01
-2.080725366218601948e+02
-6.930629957544498438e+02
-1.284982815901351216e+00
-3.615129678531615696e+02
4.982914776203296583e+02
2.611650492268352082e+02
1.114738173604409894e+03
1.599196957626973585e+02
-1.125243946462561695e+02
9.777341174451372581e+02
1.324968578636058112e+02
5.788610027037574923e+01
-2.929080881157396377e+01
3.935187647072291384e+02
1.420075332162303425e+02
1.157700949801554771e+02
4.867846791779456908e+02
4.771673088665677938e+02
1.010028559543134890e+02
-3.206637977084956219e+02
-1.584046424406145661e+02
1.381726172771415406e+02
1.752780839440402474e+02
1.171210393041090185e+02
4.093757889115781268e+02
2.970639496226695542e+02
-9.132332213829528200e+01
2.938679414552685216e+02
6.401691698598085623e+02
4.055692939707788014e+02
4.257256220447266628e+02
5.451494855059054316e+02
1.735389338779783941e+02
5.270717973397410105e+02
1.003862166352841143e+02
3.791123862152376205e+02
9.411072134056567506e+01
5.709490722729027539e+02
2.243799645283530140e+02
-7.906785181579859056e+01
7.236396597689340524e+02
3.042376973970734184e+02
-3.338385151633482337e+02
2.917790799199028484e+01
1.168535496141377507e+03
3.804462945919019603e+02
2.178979400728414646e+02
2.358622330962389313e+01
4.688278923451096603e+02
7.023905380089867094e+02
5.250423085661249161e+02
1.898350659965253726e+02
4.260421985280439827e+01
3.525818433775576750e+02
6.110644075435205878e+02
7.943150026575351603e+02
2.773246685180746454e+02
5.256444914249574367e+02
3.632590437377325543e+02
8.383177683179912947e+02
2.865911201512872140e+02
2.799089585460843068e+02
7.874109984478423030e+02
6.188779733850603293e+01
-3.418777958321556412e+02
8.632176845095135604e+02
3.483530297711662911e+02
2.509250034001329936e+02
6.551115861425532216e+01
3.003820335463796596e+02
-7.685376405465852656e+01
5.687134575005421766e+02
8.495730608607320278e+01
1.818911451891056004e+03
-6.207862338790486945e+01
-1.402633012541571418e+02
8.839794883495928843e+02
3.477261988583462937e+01
7.140369148946513178e+02
7.964989815880539936e+01
-8.803297362725221831e+01
3.995980215203672401e+02
5.370625506296421463e+02
-2.042634224118655197e+02
3.652609652999430523e+02
2.193624008480229577e+02
2.559521251216469295e+02
7.811886089996881992e+02
7.098386463663110817e+02
9.870535488976236138e+01
6.323342631491805150e+02
5.720202495523171820e+02
-9.717820152401155553e+01
2.055706286374082481e+02
1.491899051801740654e+02
5.767447178787874691e+02
6.361915667175616136e+02
2.054000237315713093e+02
1.006924092541579398e+03
3.118052293991945589e+02
3.121606423745603252e+02
3.185878154375615736e+02
2.281114349138788100e+02
7.230306366474660251e+01
9.365386343871723511e+02
6.475392858938419067e+02
4.348684924911671033e+02
-3.292116520262026143e+02
1.738223415841361543e+02
1.173985534924287180e+02
2.816139347226300060e+02
2.120314782224198424e+01
5.666024675023469399e+02
9.135404623872262846e+02
5.453697837125561136e+02
2.535379715518514558e+02
-2.008386437080757503e+02
3.293487356998369364e+01
9.564797757609416067e+02
-1.051890289220056900e+02
8.790789606108904763e+02
4.356393014731530116e+02
-2.852706080424679271e+02
4.538352493005193367e+01
-1.418876419607580885e+01
-1.129835199166508772e+02
5.935945970068540873e+02
1.357622129191350496e+03
-3.361151804962140943e+01
4.273486929058235262e+01
1.846887516536421003e+02
-1.070010411614876631e+02
2.056578766508834519e+02
-1.302605793388931943e+02
-9.189515000385081578e+01
