2.681236455307372353e+02
6.663332778487372252e+02
-8.862183374264122904e+01
1.885145488684163695e+02
4.009069385316783496e+02
3.565816682348518611e+02
3.908346960003890445e+02
-8.687093361570759953e+01
7.465083467847280190e+02
3.675208590337855412e+02
-1.136220908943932955e+02
2.839948774622724841e+02
9.192145243621899908e+02
6.910594261895644195e+02
2.600755091229963227e+02
3.977480960373567882e+02
4.765672761557185595e+02
-1.678735231287088254e+02
-5.889991534271357665e+01
6.815450897349965089e+02
2.622493708863345887e+02
2.237065484461340077e+02
4.399656325150122029e+02
3.438789468446139495e+02
3.759055502864373466e+02
8.967203185108060097e+02
1.870393368771167957e+02
7.460527014724216315e+02
6.014695449805018370e+02
1.033391286989796527e+03
-1.846024661051500573e+02
-2.804067028406419837e+01
3.792664971996299528e+02
5.537994801580388184e+02
4.267933389511046016e+02
4.020601748371430517e+02
4.700637843202935073e+02
9.597722220599313232e+02
1.921573500633172102e+02
2.616528411213990921e+02
8.289438279209585403e+01
1.347078075725812823e+03
4.708192913781172706e+02
7.683098241302988072e+02
2.634709942046894753e+02
3.999388061239129684e+02
-5.610799038878752754e+01
3.517952304249317308e+02
5.685632227080259327e+01
4.336680979963863791e+01
2.054698729937549047e+02
-3.202907142345149509e+02
1.698553218555103115e+02
-1.726099853639140065e+02
4.627434327443278903e+02
-5.400835434632976018e+01
1.591663848516083704e+02
-2.632486972067937927e+02
6.045099349749953035e+02
6.463236532413992563e+01
2.968383841809113051e+02
5.711940740481601324e+02
5.217668629377462963e+01
5.287061949287242442e+02
4.095167259177092660e+02
3.406267927974181475e+02
-1.465341420620913766e+02
1.589935735673694239e+02
-1.920082289685649926e+02
1.817958562925099386e+02
2.283495719183924280e+02
8.408909082315680905e-01
1.253178618749617783e+02
-1.717097956082083670e+02
4.104553289922022259e+02
1.048139471746793276e+02
4.798618151936300364e+02
4.056707977682515320e+02
-8.601072159241115855e+01
6.723622260758387483e+02
2.615618551856858858e+02
2.272531605800416514e+02
-4.077144724870581740e+02
-2.116235193338752651e+02
1.500275894569261368e+02
6.695969388393027089e+01
1.357377815802913972e+02
-8.350617581628117136e+01
2.547834633888311373e+02
4.482461869879571168e+02
4.968500057683024806e+01
9.910868327638624464e+01
2.608507026109116396e+02
2.514950951698976098e+02
-6.485986759859150652e+01
2.046609728363100373e+02
4.924407486707489738e+02
4.522761727913429013e+02
2.349480648823238482e+02
2.925295157987408743e+02
1.355140500877535885e+02
2.348947714437050820e+02
4.651096138809131730e+02
2.115981520038060921e+02
6.456222982459788682e+02
1.151811033032524136e+02
3.004116029240372541e+02
-8.289625638649454231e+00
3.893200801893031553e+02
3.952066905870348137e+02
5.396225378292834876e+02
5.312291359646251294e+02
4.367424145613912287e+02
3.725294402611118585e+02
-3.351734702158251622e+01
-1.711936310293108363e+02
-1.508622433445463571e+02
6.162395726562574509e+02
7.657032510569628130e+02
4.289846702838624992e+01
-2.597907235743622891e+02
2.117006645406566463e+02
-8.147254600163432769e+01
1.254661459756521111e+02
8.003911903716451661e+02
3.837286558010406168e+01
8.297228193886820691e+01
1.672915097835462461e+02
1.043276102188817305e+02
3.698933529416560759e+02
5.877779874022302238e+02
1.182127081135118374e+02
-4.264867389348979714e+02
8.007474816759776104e+02
-3.308296721244376215e+01
3.697573543378783256e+02
5.188622426546656925e+02
5.040170172511921010e+02
2.664539425880816452e+02
1.387637183316742835e+02
3.219852513289113460e+01
6.571573213086140868e+02
7.340715509367855418e+01
4.550728461531524545e+02
7.620412502514856214e+02
4.808019936807212389e+02
-5.875819467962030558e+02
1.198973613160013656e+03
5.878113524239058734e+02
1.752701421330736480e+02
1.957536897641217308e+02
7.907377300700356955e+02
-1.568178323770627003e+02
2.931321175191790758e+02
1.475862967326553488e+01
5.106205793640026513e+02
2.408027016204075608e+02
6.256128690151036835e+02
4.727913334232132456e+02
2.827756195680128144e+02
1.349623207431078242e+02
4.997837379662754529e+02
5.000305564393063946e+02
6.076534739099167837e+02
7.627720791784198582e+02
-3.568748449315754101e+01
1.868115641123928583e+02
3.764646107871331537e+02
9.205198797143862066e+02
1.081423451239763622e+01
4.860571180270088689e+02
5.869441118739540570e+02
-1.640088701989452602e+02
1.055116113243566645e+02
8.735330232145967955e+01
-1.057807517558564570e+02
6.641939774149973346e+02
2.420992516681841380e+02
4.546140801794331878e+02
5.705399217931205840e+02
1.997351510698615940e+01
8.339309627531578428e+01
4.832546737837801061e+02
1.734754999463511993e+01
6.676381239617451229e+02
2.032698975249571731e+02
7.908647037772624344e+01
2.439580336616730278e+02
4.323035665222839441e+01
3.247868629849166382e+02
1.296510812625232916e+02
-7.497391016993395851e+01
1.253065363135233952e+02
3.209911270363888320e+02
-8.286647683772073947e+00
5.074759942778812842e+02
-5.870919537539764121e+01
4.851881359384761936e+02
3.483038979402099358e+02
2.058572721383729061e+02
4.841984078053642406e+02
7.082991380528156924e+02
6.897892618622394139e+02
2.068942925531143260e+02
2.667645232138218034e+02
5.414863461876722539e+01
6.234015002426664296e+02
4.431460161823582666e+01
-2.639783262424099064e+01
2.468757075511207972e+02
7.928179099107933325e+01
1.049227630117224805e+02
-3.043655733959474787e+02
-1.889124920846841604e+01
1.304965369184739643e+01
3.122082662874994341e+01
1.405314024316318751e+02
-1.920105306971445032e+02
4.410597502517599082e+02
5.692808309220772855e+01
4.695399685604654110e+02
4.822638775811614096e+02
2.000123583487236374e+02
4.833514188793217841e+02
-5.491049912094125318e+01
4.662647032588192815e+02
1.897237833178613755e+02
-5.456834968262148067e+01
-8.767851673637792942e+01
2.266207564002762069e+02
3.519629661902407065e+02
2.457041153364917250e+02
3.101931443550912491e+02
-1.710479268811128293e+02
3.234703914224509163e+02
9.202808896402358414e+02
5.455308408667793856e+02
3.594189513740751636e+02
-8.133130138975509738e+01
6.992488380925249203e+01
1.226098293850478029e+02
8.820781965052030955e+02
2.116988468381728694e+02
2.295317323173545674e+02
1.720978147771707825e+02
1.799396207976999307e+01
-1.180485086924036153e+01
9.088187883352620133e+01
1.387754189250083527e+02
-2.413364099351897778e+02
4.568569743144954032e+02
-7.771315044653469783e+01
-1.593817191427796160e+02
-1.424360324445889603e+02
8.640544314986543384e+01
3.616743150329968444e+02
2.590668722917233140e+02
1.453771465099119098e+02
-2.011041938795410999e+01
-1.062421644139181467e+02
7.590308025105976242e+01
1.062076007482518207e+02
-1.672849894624858536e+01
-1.453785987689655315e+02
2.674834129123157140e+02
-2.964201469238243476e+02
5.032769451505711231e+02
7.569584279184077786e+02
2.292654007756213375e+01
-1.009957564671297234e+02
5.188619161749880959e+02
3.624578106829295052e+02
1.550375442065286506e+02
1.215963020112625657e+02
4.011718548929018766e+02
4.636917170475821308e+02
4.997217692879322044e+02
4.415656043176098819e+02
9.704279832943420558e+01
7.090164999028916100e+02
1.409983638662807550e+02
5.003378299220206031e+02
4.202875535814754926e+00
1.568461136412629457e+02
2.392773106098575226e+02
2.004165191501394361e+02
3.203831752674022368e+02
2.536266570567615020e+02
1.073959126179192708e+03
2.453430161595593972e+02
5.144975615445465564e+02
7.102771650777597756e+01
-1.120717141227870002e+02
4.153360972711195132e+02
3.108682282427397467e+02
-1.892619310945618949e+01
4.975371088686639496e+02
2.279090218476632685e+02
4.128825400199491469e+01
1.258956520299254294e+02
-4.700360245741165954e+02
3.267471251785099753e+02
9.680597684793289091e+02
1.628699723510730024e+01
7.354217992378522695e+02
-2.176589606733660389e+02
2.331044566253229959e+02
1.949997409317834851e+01
1.348308010240813530e+02
4.472821035190681300e+02
-2.196962721550578124e+02
1.467575554861661260e+02
3.634924752772537886e+02
5.647084961171555051e+01
3.787907286512002543e+02
3.414441372450983181e+02
-5.889826834266017386e+00
9.259664331214058848e+02
2.662305324244518943e+02
4.752478877462597211e+02
5.260463505048838897e+02
7.689254321024014871e+01
1.164429597022030549e+02
6.885268015040024920e+02
1.877227664483787066e+02
1.269385751713409718e+02
7.083158120683405059e+02
3.107025776955432548e+02
4.593133165220920660e+02
1.930563194091954244e+02
1.437706722271962292e+02
8.798809961720439787e+01
1.668852844324347018e+01
-1.916898127212446568e+01
1.764936548197235879e+02
-1.743257310160697102e+02
4.645222042367243489e+02
-6.528561889644997507e+01
1.254257626398133709e+02
-1.206201053533909686e+02
8.115474688071094533e+01
-3.102505397168549166e+02
6.751358834272961076e+02
6.784075775788156761e+02
2.560273540968692600e+02
1.329866054423981225e+01
2.645933347971877652e+02
1.515072033841325378e+02
5.743399812096743062e+02
2.879059976652550290e+02
4.951746874603971946e+02
5.012707868647943883e+02
1.708197141791272031e+02
4.848639823928492660e+02
2.135722871852658216e+02
1.289009450745325012e+02
8.875359329311978627e+02
2.761148661244166078e+02
4.233760083042362794e+02
1.507167797107432818e+02
1.097164628002558175e+03
-2.006329409261552712e+02
2.538335189260778577e+02
-7.156342192754985376e+01
5.181197782501604934e+02
7.556479154645990093e+01
7.049550892588780471e+02
1.108578001046502521e+02
3.746447690937985442e+01
4.563642963324173820e+02
1.065764160719694473e+03
1.604047713419202523e+02
3.935523148755642637e+02
3.823239318426989257e+02
1.715845840129009616e+02
3.579635150536467449e+02
7.781241736120526866e+02
6.543508436466057674e+02
5.054608125316820519e+02
2.301121442882945871e+02
6.096730666527814719e+02
4.655107281763437186e+02
3.047143152334083425e+02
2.973242445840293158e+02
4.252911653968356518e+02
8.521770564483789485e+02
5.686856273699039122e+01
2.023913220178055496e+02
-4.503349202610188939e+01
4.112827561446692926e+02
2.462969114512255260e+02
8.732750869265318272e+01
-1.096291185821919214e+02
3.791101076664326115e+02
7.016221722799899396e+01
1.137507655307896499e+02
4.587412257057536635e+02
3.656089932327518000e+02
7.660520882300319272e+02
2.889717185657414120e+02
3.720163169147270992e+02
2.187283168500724742e+02
4.425773249048607454e+02
1.735623204293705157e+02
1.256748555400392320e+01
1.257948677747076545e+02
1.901574928885160318e+02
1.882623875443875860e+01
1.341187019270633982e+02
3.060909344462975810e+02
2.228815046358548102e+02
1.036698168694545785e+02
1.489451431266488157e+02
2.963476402098698941e+02
9.016299659293844115e+01
1.524346254637275422e+02
-5.044845145052327950e+01
-3.472525421168866728e+02
2.981774391880738904e+02
1.793254664692850326e+02
6.372297456314404229e+01
3.917945125724702393e+01
5.118263779621692322e+01
1.950777497521085309e+02
2.169457691282035228e+02
3.774078923385085460e+01
-3.837813978305756564e+02
2.701828053799337113e+02
5.835193204293734937e+01
2.803537454857523699e+02
7.427598097157170969e+02
3.916014637479840417e+02
-1.833685046574701119e+02
-3.352399739743685245e+02
3.334513767123881394e+02
4.562782754678738115e+02
6.603440179664933396e+01
2.217557718019588435e+02
-1.318989762249535147e+02
3.045093039439935296e+02
3.054738661933056960e+02
3.643919152584452803e+01
-4.098708996337430222e+01
8.620680465477702228e+02
1.010263384037195351e+02
-1.677339178638191868e+02
7.627913204725042817e+01
4.377728957897845703e+02
-6.970404039499406679e+00
1.969331440399425048e+02
5.509379980071372529e+02
4.251396323304417137e+02
1.424677956284807578e+02
3.020786613319334180e+00
-8.182479075072359365e+01
2.420451204406446664e+02
2.810962486372189915e+02
8.135369933810435441e+02
2.439764391384986197e+02
1.233735404384029835e+02
4.507871503147250678e+02
3.319035440502552206e+02
-2.397221428990292793e+02
-6.447573505420427864e+01
-1.060318545495946552e+01
-1.204262178292979115e+02
4.024545918510551132e+02
-9.100717717239977844e+01
3.473805931397190250e+01
-2.522563745025459525e+02
5.796704044226441965e+01
4.382637769962083780e+02
8.577646854453806213e+01
4.300517883173905602e+02
2.550960909393847373e+02
3.026318675087841257e+02
-3.987807531915793646e+01
-1.627593440869427752e+02
7.668392782512023587e+02
5.595066305656793304e+01
2.824950832139371926e+00
4.637291524618601670e+02
8.826748590180749261e+02
2.989552988365905435e+02
1.150574119619152782e+02
6.654299971657355854e+02
8.012412210766600538e+02
-2.822598664035842120e+01
1.269477326143335461e+02
6.035400885986065589e+01
2.010346390850761225e+02
1.606477219707100517e+02
8.015137999444417005e+01
1.063849604390112802e+02
3.247609482520696247e+02
-1.071053610986712812e+01
5.815381616696131459e+02
1.576003918820745753e+00
-5.573091620965286097e+01
-1.078443702107205695e+02
1.815871120173196687e+02
6.890026415099990800e+02
1.881314311914351549e+02
6.902419598951200896e+02
2.363650026995001951e+02
5.897715377043435865e+02
3.119866611284047622e+02
1.879600334741964787e+02
6.508816505518126405e+01
-3.578976393054891503e+01
6.530097037685061423e+01
-6.861701682308434158e+01
5.289012927730452702e+02
5.145176996246707404e+02
3.254230244051895511e+02
2.490271169774698876e+02
2.648451840454930561e+02
2.410376516643182470e+02
5.252985778623582291e+02
-1.537382947352400464e+01
4.896276854843625870e+02
2.705722105662730428e+02
-3.952524573486930848e+01
9.943285949695581394e+01
8.104296681576699939e+02
-2.891483959242639799e+02
2.127641535818644911e+02
3.064686408482992874e+02
-4.781429678931684180e+01
2.390566461681762576e+02
-3.759430763006577081e+01
-1.994524357221144584e+01
-1.905157124773004895e+01
5.377389218426076241e+02
2.930876326550221052e+02
3.692720724440738422e+02
4.095953365982321088e+02
-2.731211578538470519e+00
2.014675837256917390e+01
9.701572865315009153e+01
4.997845871664790707e+02
5.620885771796565678e+02
-8.894759152539094771e+00
1.272450725222341674e+02
3.643480700479793768e+02
7.077124183286688321e+02
1.140801351585616175e+02
1.001613512159728998e+02
-3.910336747164167264e+02
6.287970594903566735e+01
6.386107181249360565e+02
1.992511884225476138e+02
4.212543021016925877e+02
6.566599119633920623e+01
5.926544301888402515e+02
1.054624935272479291e+02
2.017966660714751868e+02
8.138532447679509119e+01
2.220752344988031552e+02
1.824092891900035340e+02
4.665182154569911290e+02
3.607332314287872066e+01
6.034827618677484651e+01
-7.826076564176011630e+01
-1.764676787579994084e+02
9.771664082572924599e+02
2.065753536855118284e+02
1.179788354724723831e+02
-1.637349444200552284e+02
2.722109594629304397e+01
-4.056964785210702473e+01
4.284953895800688315e+02
-5.400924167274338572e+01
5.356545725195258001e+02
3.953694785471100204e+01
1.440900522693571020e+02
6.464752683343030526e+01
2.151572997180952598e+02
4.754237547460546693e+02
4.210105342939963293e+02
7.787218509172127767e+01
1.668626972633387027e+02
-5.662703236456597722e+01
8.867056157127427696e+01
-5.744945159794909273e+00
2.097891411044762435e+02
-1.034596789596086808e+00
2.759460965278778417e+02
3.101280558223312482e+02
-2.349628600486592518e+02
4.856037507742393018e+02
4.907349176471506098e+02
4.229032798906558241e+02
5.942044718299050601e+02
4.794046832319778559e+02
3.098010266866455709e+02
4.374955506306291682e+02
-6.124241209181504786e+01
4.957321453537721254e+02
5.398319518758369213e+02
8.603290689109508094e+02
4.650780731496667499e+02
9.513976819206866367e+02
2.264576303479880437e+02
3.076192916151849204e+02
1.123852865665074034e+02
6.189470551031680543e+02
-7.759588140171740633e+01
1.289724393685334007e+02
3.459814697030396928e+02
1.677917988879307529e+02
7.287309482315966989e+02
3.210548456112084637e+02
2.304134007765613887e+02
-2.662861310177726750e+02
4.066176035328128933e+02
-6.958160595580619656e+01
5.119436307074226988e+02
4.627638679360439369e+02
4.119256792744066331e+01
2.038235826069833649e+02
7.192624272807358921e+02
2.723335147137176477e+02
3.151201105878520252e+02
1.900652717668646403e+02
2.704655242274976104e+02
-2.957597305900947617e+02
3.693311590896101961e+02
1.310798075554138364e+01
3.396162867103461735e+02
2.170864688157198685e+00
4.264596966163448428e+02
4.351665341765682911e+02
8.589655301886804040e+00
-9.036459692680125499e+01
1.760856040499918720e+02
7.704005228929371469e+02
1.988741401583995696e+02
8.810201530835894346e+01
5.661009086289691368e+02
1.957117151479134805e+02
8.212425563976161129e+02
4.520602522342689440e+02
1.765996945112815695e+02
5.011976174162666666e+02
6.238726539353167766e+01
4.876656288896011233e+02
8.278480641857194655e+01
1.320813709956919979e+02
3.478246570293493960e+02
-3.858835370288032323e+02
4.193019612721147951e+02
-7.397342746417388071e+01
-1.909923065709011780e+01
3.007808161470859432e+02
4.021386088124041294e+02
3.997372414218764902e+02
2.703553273894974041e+02
1.808118930136406988e+01
6.682013593926243402e+02
9.037383330140715998e+01
3.412163063821938636e+02
5.465708646405629167e+01
7.352976385097423417e+02
5.748367577651032434e+02
1.911543072586896699e+02
2.779526119133655371e+01
-2.931270115998755728e+02
3.833657146823809398e+02
1.542516789251547777e+02
4.246759671906365270e+02
4.862655750569163047e+02
4.479526118708046170e+02
4.286003249784307627e+02
-1.317371806401487220e+02
4.139878138089558774e+02
-2.406891567391530273e+01
3.483309888022936320e+02
7.826535876990492397e+02
3.697843406608164969e+02
-1.308886657526064141e+02
5.550009034880412173e+01
2.253508022523604666e+02
2.687880658545340111e+02
3.864149834396035317e+02
3.573559820789787409e+02
2.378284113169369220e+02
3.333330354712113035e+02
3.000216268361309631e+02
-1.004054103654756318e+02
6.182227733208894449e+01
1.823583255360765349e+02
3.037842920676898757e+02
2.161812234061744107e+02
1.447314694084437576e+02
4.587683716808476220e+02
2.537163947622872797e+02
1.980910672918538751e+01
1.798497435327674054e+02
4.088466561183157069e+02
2.325735529086011013e+02
-1.033678027557187562e+02
1.595613318722558347e+02
1.935403242738080394e+02
1.241528363360198171e+02
4.877076285049126625e+01
1.159206274300063484e+02
3.984001785065889862e+02
6.190519549753004469e+01
-9.047478398594155635e+01
1.993174880372869495e+02
3.416740720190130673e+02
3.213678219947005346e+02
4.304026142687338847e+02
-1.602956296358902648e+02
-7.239562801814278714e+01
1.329198532385559872e+02
-3.450076134013525575e+02
-2.738410965008576454e+02
1.881962255518055258e+02
-1.466933865449157679e+02
2.201009453761095074e+02
3.456411719964041254e+02
3.166052553294855443e+02
2.558268830802169873e+02
6.288008615410242328e+02
4.266407534935719070e+01
-1.695895815880183832e+01
-7.616652486304137426e+01
5.983490738431015643e+02
-1.330014225169623501e+02
1.560373836027097809e+02
9.968250872649726091e+01
6.470010294995188360e+02
1.474070066664042145e+02
-1.351436934708149238e+02
3.848052910837182594e+02
-2.663946491485045343e+01
4.343445295893098432e+02
2.064378511389952280e+02
-1.936736055811923620e+02
-8.604235511608031572e+01
-8.383562252090723632e+01
-4.312011982340339245e+01
2.123736025393874627e+02
9.581437384428822952e+02
5.360520142850971581e+01
2.073580961832775245e+02
5.053012260084832263e+01
1.795168179285246879e+01
7.321614457925673491e+01
5.317934368989597260e+02
1.635455682485936109e+02
-5.839260106069134793e+01
7.902516704862795223e+02
-5.046410157782622008e+01
2.113039949065833980e+02
5.185768709594509573e+01
1.066202886684847329e+02
6.042963060404620279e+01
1.123230319730841273e+02
-1.680331089736579031e+01
-8.702522376058929865e+01
-2.510295904623542356e+02
3.617400847171062992e+02
1.464467002617699336e+02
1.984692421722904214e+02
-4.450264392529455648e+01
5.677430788770321897e+02
1.440689336059469383e+02
-2.475611074527390087e+01
3.781642422972429927e+02
3.845914909880586947e+02
1.337335679308693557e+02
5.602371427996122293e+02
3.191144808124517454e+02
2.458283170455585491e+02
-4.999071701899250684e+02
9.547518512893694265e+01
1.402331417436062793e+03
5.670519353685200770e+00
1.687123694360747379e+02
9.091538054985744566e+01
2.323872561074355190e+02
4.456691418506702576e+02
6.968745262581504676e+02
1.739430887533285954e+02
3.165807731173208595e+02
1.742898703365100062e+02
5.591239065738758427e+02
1.599438357205878560e+02
1.731623612339839724e+02
4.867169397934866879e+02
1.975865337996513347e+02
-1.598558689237638930e+02
3.810663406719016848e+02
6.127380474212426975e+01
7.839227423037729068e+02
2.971463235883106790e+00
1.940158731270383186e+01
8.466996578782396909e+01
1.299730038253019586e+02
6.278552121462251989e+01
2.756162983009979826e+02
3.072467221254775609e+02
-1.530477269202522734e+02
4.516344181088232403e+02
9.069911009363659105e+01
-5.249523359112153287e+01
3.270178394604939740e+02
6.413173638042682114e+02
-1.776375299451863157e+02
-5.623628618972803395e+01
3.203331242727737163e+02
4.613775610980771376e+02
1.189002432545361643e+02
1.453769326050811799e+02
1.760330810217301405e+02
1.654252284030288820e+02
2.934554998971208306e+02
1.824826346945422415e+02
3.172093539719685396e+02
-9.657462296848262184e+00
4.782756129195796575e+02
5.124776439445658838e+01
-2.615945479428280862e+01
1.638960753539392101e+02
-8.947685986249322809e+01
3.563183589329722167e+02
-1.387093344935059491e+01
7.273648764416121821e+02
9.486249141719948739e+02
-7.759128796114018201e+01
1.833056375342610522e+02
4.264624250859467338e+02
6.233553182500363619e+02
2.125156500877046710e+02
2.797718153904971814e+02
5.213965617667647621e+02
7.235345947224735141e+01
6.693229658316761288e+02
3.610203935622348013e+02
5.146231943987904742e+02
2.240009008429364599e+02
1.440872975099505027e+02
3.037117295978583229e+02
3.166963629390331789e+02
2.241640287175870867e+02
-3.408997063600710362e+02
3.420789652960549461e+02
3.037670174178493880e+02
8.299161613220843492e+01
2.323494514130704545e+02
2.010685314487886544e+01
4.627990614557193112e+02
2.280161946447447576e+02
4.117911249644112104e+01
5.854377724253682800e+02
6.817145814662760017e+01
2.582269597492346236e+01
-3.238853142440435136e+02
-2.662716904310396870e+01
-3.629912470951461501e+01
5.655955915011536490e+02
-5.314320250857265364e+02
5.975982777833027058e+02
-1.243711634816713598e+02
7.380959249573139687e+02
-1.004813415791219029e+02
6.444433572153008072e+02
-4.118675127154605775e+02
8.721418223394327640e+01
4.697525833222419323e+01
9.301791118803930658e+01
5.441001759709710228e+01
1.716091726857251274e+02
4.954793535373545978e+02
4.054043779304284953e+02
3.648680333059948566e+02
2.574256564875827848e+02
-3.153453604845967106e+02
2.543346363297218602e+02
2.646428955239190941e+02
-1.500281327258988995e+02
5.577356372514120721e+02
2.891542638057717909e+02
6.873443980569364840e+02
-2.511525282446224594e+01
-2.857969440773109113e+02
5.842816135133966782e+02
8.203658259639482253e+01
3.019446338137057069e+02
6.406343300105180560e+02
6.373744122332717552e+02
6.611797175838268004e+01
7.329287429725818583e+02
3.632501005049069249e+02
-3.579230162663833426e+02
4.383477321889149039e+02
-1.931680722991728771e+01
3.071539912438560123e+02
4.763068240358870753e+02
3.264788690353866514e+02
-8.639648066760877043e+01
2.111701744383956907e+02
8.049755068593907481e+02
-1.386879001607466648e+02
3.073643546365904058e+02
-1.589778220934065018e+02
3.552205396558029520e+02
1.010431799118357219e+02
-2.893838982746849808e+00
-1.625270075059882515e+02
1.571805802415858579e+02
-4.295061410284047554e+01
3.161041010955488559e+02
-4.392579432769607592e+02
2.366043246690659316e+02
-4.841621776009207423e+01
-3.560233470337693689e+02
9.679216408830069440e+01
7.804199707374614547e+00
3.595846678963191607e+02
-3.139556315880726629e+02
8.068830776352220369e+01
3.012168758529145407e+01
2.412384554713822240e+02
1.545765080136322922e+01
2.868663149840551227e+02
2.856137132659073927e+02
4.583999758597569212e+02
2.693879689407084470e+02
4.649076453284278045e+02
3.586846915278666756e+02
2.113913438190786209e+01
5.415404308517491927e+02
4.720050770007703136e+02
-1.675596151651991050e+01
4.738224678695261218e+02
1.167753092525370420e+02
-4.008161018804084819e+01
3.847827038091318030e+01
3.322809642428088068e+02
6.559273660686048970e+02
1.219394119563165049e+02
-2.784174745182647257e+02
-2.035692219464201571e+02
1.149548538902934752e+03
1.402811241692489546e+02
3.938342287943944484e+02
7.105306266680709371e+01
2.997082638742584777e+02
2.016493504313895926e+02
9.113015592585527429e+02
-6.240779159245432339e+01
3.938866355487814985e+02
8.383817757910749151e+02
1.824954332911188430e+02
1.840457116161357476e+02
-8.544151843802180224e+01
-7.276926302985376793e+00
-1.445393199631983521e+02
1.082390089493366986e+03
5.336280197344902945e+02
3.929640729678666276e+02
1.526022225610571468e+02
1.460104745313786339e+02
1.861725264550325392e+02
2.646711203545082753e+02
1.187776533895825821e+02
5.195773670601490721e+02
-1.487868993055503779e+02
-4.008679782036070094e+01
-4.130858350007746793e+01
2.444381152236096284e+02
-1.361693177082186708e+02
-4.211285230500372450e+02
6.422854848939183512e+02
1.111617878314994812e+02
3.364198979170552093e+02
3.380618100115324296e+02
-1.169092336969751784e+02
1.723353435092490145e+02
6.829436879150580353e+01
3.198992877964574291e+02
2.437480813525662313e+02
2.928728497420592021e+02
1.815907812819072547e+02
4.738281528150816513e+01
4.249982926772154315e+02
1.869538891935296476e+02
4.742050061046514315e+02
5.497587150636998103e+02
3.170258861443714409e+02
9.878967768176059394e+01
6.456291489982312441e+02
1.087415964636783627e+02
2.109743385698442353e+02
-1.295591184752302638e+01
-1.638440126698775146e+02
