1.378189837041061878e+02
3.225014910024166852e+02
2.158451105717957432e+02
6.146520047063100947e+02
2.232900898631408495e+02
2.412710852004211688e+02
2.690772294170930081e+02
1.387487173359325823e+02
1.484886360234059453e+02
6.379616512051493373e+02
5.953436962568546278e+02
2.406024973241919156e+02
5.106653348585940080e+02
-7.586552010509680599e+01
2.187764465566949639e+02
8.589897526179123588e+01
6.635599182830827658e+02
5.522809305089384679e+01
4.277984557593587738e+02
1.068321743669393982e+03
2.944644044236617901e+02
6.508619757465987732e+01
4.873743452228126785e+02
7.391128958362404546e+02
-1.875614970997391495e+01
4.487930234538101359e+01
2.803952159462747318e+02
8.275560133408176853e+02
2.158523937038238216e+02
8.997026282730253115e+02
3.285067719512100552e+02
1.366314566440672706e+02
2.010760819834516155e-01
1.383336313238199864e+02
4.273338290058667894e+02
6.205696624454058110e+02
3.443299529686104847e+02
-9.791881870893388395e+01
1.435863176743544898e+02
7.344998586095840665e+02
8.307109979866093852e+01
4.884002870222635124e+02
3.706730659318314451e+02
5.954206919456380547e+02
2.933298169605141084e+02
2.352846720804582787e+02
1.564099537779425191e+02
5.022124069440945391e+02
3.567902990327418138e+02
2.202408524130072749e+02
-1.034228699474805779e+02
-1.659253176175766100e+02
5.446064001050716570e+02
-2.068619221799324350e+02
1.238728309191798473e+02
1.422044633653934170e+03
1.956869827345978763e+02
-4.406785351058211404e+02
1.990229647463152389e+02
5.364275313869507045e+02
3.740713998722633846e+02
3.078488929760100064e+02
2.439706101584837938e+02
1.820389262642824946e+01
6.972725328689590185e+01
9.740118292922302317e+02
-6.367847679033515362e+01
-7.221410401880277732e+02
3.600430649466655950e+02
3.719114610417764766e+02
2.975021412848192313e+02
4.205387451993716752e+01
2.275356584461492844e+02
4.098453497028004335e+02
-2.262605195064702741e+02
6.445587612434823086e+02
2.032051070851345571e+02
2.847167796136027818e+01
1.725346027725989586e+02
-2.235929174748186909e+01
1.770927936300299450e+02
1.169668703023586716e+02
-3.958732468599227872e+01
1.027317201019945514e+03
3.068342091994003340e+02
2.120624229275641142e+02
2.086580028390373798e+02
3.500707646464916820e+02
4.729823192570471520e+02
4.351312567555237365e+02
5.167514282935444498e+02
4.561249640494513642e+02
1.297591137599292779e+02
9.734180638558875387e+01
6.566571282570444623e+01
-1.405213876386656580e+02
2.362489102854521548e+02
-1.349686065808877515e+02
3.197938998102417258e+02
1.770660289209359561e+01
2.059229982598777440e+02
5.639617379609346699e+02
1.665589961341086962e+02
2.865610395355043352e+02
3.661369384446388722e+02
2.821789344213189565e+02
4.320168754040094541e+02
6.392110131034675078e+02
4.104780311066231491e+01
4.848969905237146349e+02
8.882554728039256275e+00
2.264963016452562954e+02
4.733003739784172126e+02
1.966428410748981150e+02
5.083879291826356734e+02
-4.090757753361237974e+02
6.071411087559285988e+02
-1.451451917282770410e+02
1.200923717537133939e+02
1.202706193442383267e+02
2.562813218596137972e+02
2.822349891111163060e+02
-1.806281986649892133e+02
3.872905056112062994e+02
2.064063949886826208e+02
-6.520356204282595058e+01
3.157957633752317861e+01
2.002488132362683189e+02
3.532387270525752569e+02
2.083662321659661529e+02
2.738929002998707460e+02
2.219866377143907243e+02
1.113946094939177840e+02
1.090379920897944857e+02
5.280229287276493721e+01
4.050428752558472070e+02
1.914605996741193223e+02
5.938428060766322858e+01
3.212053300536101688e+02
2.841285790025160622e+02
1.931267654484638570e+02
-2.653396679657465143e+02
1.498978137275522329e+02
-2.767151211382464027e+01
3.680160835049266410e+01
1.455871273241339452e+02
-4.868482120209353781e+01
9.526230038948812080e+02
3.580984619660854946e+02
3.306752208580416550e+02
3.379752699441051504e+02
1.263304556669553023e+02
-1.318918399092146956e+02
-3.980170806720227006e+01
2.923490372279513281e+02
1.243197022083892307e+02
-1.570275825548977764e+02
4.093203417894547442e+02
2.555100315156969870e+01
-5.446223505092710582e+01
-1.542172182816365194e+02
1.159291089457993849e+02
6.886207641333878655e+02
4.334185418561640972e+02
-2.805442344492694318e+01
1.528779208464786166e+02
2.208940587277078578e+02
-3.993610994125701268e+02
1.184826820365641709e+02
-1.744010230719344463e+02
3.110031332505721480e+02
1.121237565057100767e+02
2.665185378245964216e+02
4.616861395996251076e+02
1.206504979156296287e+01
2.773032241555922042e+02
3.094931529882366590e+02
1.232293875499455567e+02
4.742761299321479385e+01
5.268096976335892805e+02
-7.135388224378485234e+01
4.788623024492331410e+02
5.330939968912360882e+01
3.933066071670534143e+02
5.309322164971285929e+02
4.954280645003536847e+02
1.112137846815726334e+03
4.706260984284921847e+02
-9.050109046000326884e+01
5.663273421604533553e+01
1.396132311272733375e+02
2.118749298402513830e+02
3.689853898441427305e+02
3.742333467512725065e+02
9.607408216626933495e+01
5.836151999378815702e+01
5.575401555958475228e+02
6.798014370063715006e+00
3.059275672016672729e+02
1.206594398633340461e+03
-2.012605914987504718e+02
4.566753516365096743e+01
2.199753690014136396e+02
1.968797704625962979e+02
1.072821068526439376e+03
-2.401939655076346014e+01
1.940598969028193039e+02
7.662158628352895562e+01
-2.779089439142757101e+02
2.195692000344182304e+02
5.269268736769180350e+01
-2.424484560643792861e+02
7.980475404076194934e+01
-1.259507586709948157e+02
-5.397700345191103111e+01
8.165170688612085996e+02
2.873110876455601783e+02
1.335002495050907498e+02
2.237575022244296861e+02
3.133880271385335163e+02
3.900237858238707531e+02
2.082074107182480134e+02
-5.094674029267262938e+01
4.394358097970487620e+02
-1.695084053213586515e+02
2.379032680692270389e+02
4.577351812415024028e+02
3.288528180476205875e+02
3.794201285098342851e+02
2.009937154697307733e+02
5.216948610458850908e+02
8.962868578910561155e+02
-8.226405669512760710e+01
-1.263107799438534329e+02
2.746337367986385516e+02
1.050905927939883668e+03
2.018878258619636199e+02
1.014021442286196589e+03
-5.040670020671331031e+01
8.601102732408178042e+01
2.215789739045977171e+02
2.907677776838614818e+02
1.303084354459145402e+02
1.411205290725248744e+02
-3.679987539802493757e+02
-2.029501193853726306e+02
3.618639986096377470e+02
8.069148022043006563e+01
7.054549058274407116e+02
2.251380649192172712e+02
1.034514212345362012e+03
5.269598505143686680e+02
4.852824322930788412e+02
1.584995835168234350e+02
8.289050714975697929e+02
-7.704543350452983930e+01
6.119633354014856650e+02
-1.526194884849743119e+02
5.359953175366822506e+02
1.254294263070674873e+02
6.153590347083071492e+02
2.138120594111231867e+02
-3.546379587172791759e+01
-1.386990147544506513e+01
3.496034296350592854e+02
1.595710468924233396e+02
5.245457454476452313e+02
5.829861490094194778e+02
-2.834041989384529074e+02
5.286176022820251319e+02
1.504958455388958782e+00
-1.401133142178444757e+01
2.246391396965605054e+02
3.311895179168486152e+02
8.957839962949955748e+01
5.858431263021297752e+01
6.473322263381697894e+02
4.746781578407016013e+02
6.944991377507653851e+01
1.334101051113843255e+02
1.005677657767538165e+02
1.988461079770825961e+02
4.017667975322054019e+01
1.619273372469256742e+02
1.644988721209705886e+02
5.824042070390022445e+02
-1.370715719255171336e+02
3.988620490579764919e+02
-4.008812413509114094e+02
2.756786416096553012e+02
-2.141536594399136106e+02
4.720078199342341918e+02
3.802483273060974511e+01
2.913421647856238224e+02
3.699092914506895227e+02
6.241603080822246739e+02
2.002442863149394157e+02
4.056969497946009824e+02
3.218970969041748731e+02
-1.391593206581922004e+02
-2.221507850094238279e+01
7.927532061897777567e+02
3.224939783041534724e+02
5.592555416139699531e+01
3.851629119663564893e+02
1.693543938080296982e+02
-2.305563153860306898e+02
1.962284134340288801e+02
-1.666597927883809973e+02
2.902216293666512001e+02
3.681183225485354455e+02
5.454908160838035656e+02
4.087830403747507262e+02
1.702721927521406897e+01
6.417912487205138632e+02
-5.661313530543223749e+01
1.508314753529163852e+02
7.867003293298392208e+00
3.316098903348104727e+02
9.720341441292895297e+02
-2.490815064378070360e+02
1.222422790370706167e+02
-2.637307998219032470e+02
1.514445768599455278e+02
2.951075217845242378e+02
-1.339135602250907482e+02
6.524787183736039253e+01
-1.340312066472029358e+02
-4.754777752504935506e+00
-1.220854689572867926e+02
5.355814542889793302e+02
9.066779590126103585e+02
7.875463156637783868e+02
2.282619856262819837e+02
6.879893594058981989e+02
-1.409087784695776691e+02
6.142692475866724067e+01
-2.213999472689657466e+00
4.974143330211350076e+02
6.798701863527465150e+01
-6.457566501939201942e+01
5.531128460494751380e+02
1.894898910674882586e+02
4.183506707679433703e+02
3.991256674054914129e+02
3.009391269626020815e+01
-5.648512661136587099e+01
6.147938083390636166e+02
5.592583170930599579e+01
5.581552740085078312e+02
6.635982264880355785e+01
3.665202903965985115e+02
8.746921395773804306e+02
5.151715003746536468e+02
2.082755911163434632e+02
-6.002236118942871457e+01
1.674940363784218675e+02
1.381687067783887244e+02
6.682221610430692635e+02
3.542415471226144632e+02
3.156547060225491919e+02
-2.674841000733711027e+01
7.863585807703789214e+02
3.853728167257849577e+02
9.027180840310316512e+01
2.366728301525537859e+02
4.084739436096267582e+02
3.857357988543332112e+02
5.370718839546395884e+02
5.025083981785491005e+01
-1.145531665769810559e+02
4.661487908156285584e+02
4.657278124618396191e+02
2.843599315314290834e+02
5.043475770599570183e+02
7.770750848378742148e+02
-6.724370746676825661e+01
-1.602323665589550217e+02
5.086428239711580659e+02
7.150473933676842364e+01
2.508901809890035395e+02
-2.318357875511784272e+01
2.075283887476725795e+02
-4.317544844684064032e+01
7.991409946068503132e+02
2.746167608150047954e+02
2.247339281884480897e+02
2.814818331579012920e+02
4.476817339894088832e+02
2.209520432686475431e+02
3.509678045963278237e+01
-2.035933834399328646e+02
1.666697286088684749e+01
2.104881532761407072e+02
1.202118146328605661e+02
2.579930783133289651e+02
1.490196621701311841e+01
7.981069001794874112e+02
3.855822914212810133e+02
1.312800691139510150e+02
2.433170099965225859e+02
8.109272097842849689e+02
2.398228486301657654e+02
3.510903744851089670e+01
6.383916115785940519e+02
1.607498057550740214e+02
2.927055538262365175e+01
2.907581066188517980e+02
8.875248426409234526e+02
5.163850440117051903e+02
8.808260722091176831e+01
5.489935128690776764e+02
3.803148038635733883e+02
2.079856870553140880e+02
-1.281949876742998526e+02
1.831438305009809540e+02
1.414303459687600935e+02
4.393353293249211333e+01
2.801451058852749725e+02
4.231330530166660537e+02
7.515897812790829846e+01
8.350725309187396306e+01
2.504889209153920149e+02
1.207360810790505923e+02
3.856157443334576556e+02
-2.209434407353211327e+02
2.060363974708741637e+02
3.682020837023366084e+02
1.730701142986339960e+02
6.426117680328223969e+01
4.073730125563196225e+02
3.311165645472405004e+02
2.422641023234160116e+02
7.259863705842241188e+02
-1.447735883967185657e+02
2.264469196079455173e+02
2.109644663187444849e+02
5.151955194147333259e+02
2.071058535177940598e+02
6.491556018243432646e+00
6.675002630335227138e+01
4.538023037402674618e+02
1.471654944352892187e+02
4.954063520495989792e+01
2.328203695657787193e+02
-1.546919755027132624e+02
-2.758609199019849711e+01
-5.905947005631057323e+01
2.187811328056321827e+02
-1.293606158015575431e+02
4.728765323312614441e+02
8.658232490072906558e+02
-4.672537598424004557e+01
-1.148305668182234172e+02
-8.012248361165640631e+01
3.401947271412189480e+02
5.781861664394120908e+02
2.138437366609896060e+02
-1.100449428062877359e+02
6.362647366624781853e+02
1.879735851287464357e+02
4.142401389343964979e+02
2.213584093933356769e+02
3.499836116546179028e+02
2.426869251290215743e+02
2.615355466259721879e+02
5.346895772552602466e+01
7.531048973865026142e+01
4.478180459123411197e+02
2.757477736595462829e+02
5.601076668265907301e+02
2.891981343410384966e+02
-3.964508671213158664e+01
5.533036391874640003e+02
9.221693864902409814e+02
4.555835999686561308e+02
3.803344983771091847e+02
2.893528567332902526e+02
6.972880244244501000e+02
5.646180480672538806e+02
3.017315714249781422e+02
-6.001912526916232338e+01
4.904657685085639969e+02
8.463638615427731793e+01
2.446193459360289069e+02
3.202328863774436059e+02
4.348044839567720032e+02
-5.250807933731429955e+01
-2.449791892836653062e+02
1.721539696016829168e+02
4.830445106503173633e+02
3.508571429496724363e+02
1.473027956037919353e+02
2.789452900407464995e+02
1.961819006163384813e+02
8.081992530735335549e+02
-3.124332512936366157e+00
-4.692959702576222014e+01
1.168402266156328778e+03
1.635711737376540782e+02
3.562802605953645525e+02
1.951847321009943812e+02
-3.583151751281957900e+02
3.427217444967999995e+02
-2.060769231960545085e+02
4.760527845436059806e+02
-2.004940300361959089e+02
8.820691572214852272e+01
8.739171742257053666e+01
1.898996315998923592e+02
1.186760476802699486e+03
2.944936686127315397e+02
4.488266604072117616e+02
-3.938885614120125922e+01
2.271104691127722504e+02
2.362831448450231164e+02
3.330245914274062784e+02
5.223199614432397766e+02
4.862874890915177275e+02
4.960501603590373634e+02
2.183717852857890307e+02
2.770029430556691068e+02
5.755037772329634436e+02
2.660529486158712942e+01
1.489745078525746749e+02
3.163779962749169954e+02
-9.460932216351456248e+01
5.075178396060146611e+02
1.568029162403038015e+02
1.014342621334894545e+01
3.812007680644977654e+02
2.486419633174086812e+02
6.470950901158659008e+01
1.131361573352817089e+02
2.279218033346138270e+02
1.619965931598985662e+02
-1.618816035420121011e+02
2.148018171540274466e+02
4.442474611293924340e+02
8.708250673945940434e+02
2.643834687242164705e+02
5.546558504555009677e+02
2.177068993244720332e+02
3.659621061043990267e+02
6.870203445736898402e+02
2.796433837633849748e+02
7.970625801163084816e+02
4.450754772501247203e+02
1.169538781123346780e+02
1.153781225098665800e+03
4.345368542075502205e+01
1.371122336628663447e+02
2.722006309741999530e+02
3.245780337596002028e+02
2.406016352267839977e+02
1.470879818143847046e+02
4.394252734077262801e+00
1.557358660780550110e+02
3.134715525851440532e+00
5.149304488187829776e+01
-1.324019059185733340e+02
-1.988419288506808869e+02
1.467999053021603970e+02
9.702063255331241010e+01
2.194823756718890593e+02
1.492378516935122690e+01
-1.926769211188419320e+02
3.335759296860954919e+02
6.145605038506592166e+01
1.961215375199901700e+02
9.872988077922777848e+02
-1.414817400387450448e+02
2.562248622150596589e+02
-3.617506612867302351e+00
-9.016465197676544108e+01
4.900768474649328823e+02
6.042409913241302775e+02
4.549966203224461196e+02
6.956488095937953631e+02
6.118886402288096633e+02
1.039183064276679033e+03
2.303907684804441089e+02
4.075388647776185280e+02
2.129726483117444218e+02
1.102441882611663004e+02
3.642139081930333191e+02
3.176317839323058365e+02
-2.758297830110979589e+02
1.379595304215453666e+01
-6.733507246567990023e+01
9.064971462387171641e+01
2.088165859513333658e+02
-2.490539662876252009e+02
6.805107433487498270e+01
5.583231754130272293e+02
1.498559288880047689e+02
3.960836655816099778e+02
8.729733267350681558e+01
3.732273788436251039e+02
9.660660059035870972e+02
-4.161698277233996919e+02
1.732459911952483083e+02
4.711676795516311813e+02
4.293519051633833783e+02
-2.767728333471889641e+02
-1.459353634417012984e+02
4.445562048665728412e+02
3.063959753518632283e+02
1.693196838519660332e+02
-2.200125929243706366e+02
-1.618884524563935656e+02
8.818474464794054768e+01
6.876713522562913283e+01
-1.797479432957329095e+02
-4.803272609717993902e+01
2.332464061095054717e+02
4.675539437690958948e+02
-3.212474621668468444e+01
1.562862456882743629e+02
-2.644699321144746023e+02
4.606496301690715427e+02
2.355252496233089516e+02
2.275584251866293357e+02
-3.082577648468762845e+02
6.926868207805053999e+02
2.841486768851483475e+02
4.294311953840586398e+02
1.780414345820127267e+02
3.332203803103073483e+02
2.560287184491297694e+02
5.621511168208503761e+01
3.845653567837575224e+02
3.291005645009541354e+02
1.816670848857787917e+02
-3.299269694475722048e+01
2.694170341581525463e+02
1.004198184866530283e+02
-7.923856564836265193e+01
2.460460442676738069e+02
2.693226446126300857e+02
-4.873880992876780027e+01
-2.144614412919984829e+02
-1.222077285051679496e+01
4.233445011659559043e+01
2.375786287141235960e+02
-1.777359301969878231e+02
-1.340387852780652906e+02
2.350647701816233734e+02
6.021401715947243929e+02
2.165111034702955521e+02
4.533533202717372319e+02
3.466076226545586678e+02
1.105548254130979728e+02
8.690646478561193078e+01
2.924931392638758894e+02
-7.423631973985358457e+01
5.256555450962569012e+02
-4.256261682535855471e+02
3.600286270989959121e+02
1.010434163868647914e+02
-2.791879589739552898e+02
1.701793322256535532e+02
4.802782810541644949e+02
3.716532489275206217e+02
2.268944514215650941e+02
1.126102288369996813e+02
1.829445895042113435e+01
9.147907960952205997e+01
2.140637210509620445e+02
3.774439837739184611e+01
-3.730633831847634951e+02
7.807200751724309384e+01
1.094456659778315725e+03
4.793303459413115206e+02
6.521211639107896190e+02
1.516309556503674116e+02
-6.978992068436060947e+01
6.201480534680066512e+02
7.596448240959474560e+02
-9.960761955194917050e+01
2.203919855272750965e+02
8.154724156709890792e+01
3.682684942353762381e+02
7.125283045880369173e+02
7.283365582882048557e+02
2.492083624505813475e+02
2.431048245202067903e+02
-5.461713317591623706e+00
2.182277424302187399e+02
2.110286535967319992e+02
4.186953072502653583e+01
2.856829067822759498e+02
1.895651350864013693e+02
3.380662461087758857e+02
1.825494412453107884e+02
1.666653402731673452e+02
3.996571826950792001e+02
-6.174486886119812823e+01
1.271038907442572850e+02
2.065820577805335176e+02
5.856216439720399194e+02
1.571135489077668979e+02
4.493340241676432925e+02
2.340597551769618079e+01
1.658204439205002814e+02
3.479931155188477305e+02
4.174834160166158199e+02
2.441048412692204010e+02
7.805934914413052184e+02
-1.243157552793590241e+02
3.065310128102505018e+02
1.259834849417347300e+02
5.588864196480545843e+02
5.728483550291540496e+02
5.877983157645140864e+02
3.847011419079312873e+02
2.839797884529893963e+02
8.265808045328745948e+02
-4.707537647654415736e+01
-1.295368706379514663e+02
1.025628805959757415e+02
2.256619406983253100e+02
-7.602821912997852394e+01
5.790156535685895278e+02
1.584821788482681768e+02
-2.715965589925020822e+02
-1.491541626898515176e+02
3.185772950696552996e+01
2.838858316316366768e+02
4.493268882749226378e+01
-6.938321695996016558e+01
5.735702456317280848e+02
2.109986523527170448e+02
-5.837064072678049342e+02
2.851396616147414989e+02
3.676740402710137801e+02
5.165680210778494938e+02
5.773634955398856619e+02
3.375334845147769443e+02
-1.027317232072794582e+02
5.270568944187518809e+02
6.648246700262038189e+01
2.758784298380603062e+01
-3.921777889389559846e+02
-2.588177512859087415e+02
2.145258550314026138e+02
-1.331235133662914336e+02
9.318045671170736455e+01
2.699608069511318149e+02
5.808431797936566454e+02
2.881831971118029401e+02
-7.825701024690089014e+01
7.024897973740901307e+02
1.704421490721474584e+02
-1.609668442332417158e+02
6.321490722967205045e+00
2.232809078865064407e+02
5.357526861520417469e+02
1.856630213710343185e+02
3.040164041726369533e+02
2.169369797790985288e+01
5.665126687733970812e+02
3.610716972422881668e+02
-5.982504253708181352e+01
2.381146595769031364e+02
-5.312989562259922138e-01
1.968352166480502774e+02
4.955790129284745262e+02
-3.687372465648700768e+02
1.409261804948386327e+02
4.104406046918857101e+02
6.942401229012452291e+01
-3.821117554440104982e+02
3.240282097298771191e+01
6.472333635145395192e+01
2.586477574145173435e+02
3.827701030951247390e+02
-1.261836088675250664e+02
9.213015537600227844e+02
5.620230448755378347e+02
3.130465771543420033e+02
3.217822957796948344e+02
2.610570497140653288e+02
-2.835769738941939409e+02
-2.346658939398451338e+01
1.028144611245029182e+03
5.034961333789902937e+02
2.298392107276740717e+02
3.861793116038946039e+00
1.686207579019023228e+02
4.050350993003634130e+02
-1.080998899507308977e+02
2.878467207369364473e+02
1.655809955124637867e+01
-1.551887159897471520e+02
3.179991803195931155e+01
-2.904404482153686473e+01
-5.810809227305064439e+00
-3.594958857940485473e+02
8.266913741505298674e+00
-1.969661442019399260e+02
3.560724456245935698e+02
-4.698795882489151410e+01
2.750471349258880878e+02
1.542004134157917292e+02
1.814985834368536644e+02
2.299395945268296089e+02
3.701682286431034186e+01
5.366279970150241070e+02
3.900708579877157831e+02
1.771599803241326754e+02
2.241239476220357005e+02
2.889923239939632822e+02
3.150953838953344075e+02
1.882708125115624114e+02
4.421288988546126575e+02
5.295307006658554201e+02
1.611599465094907657e+02
5.073858847451310226e+02
2.614277612207150696e+02
4.657973395108538739e+02
-1.783634511626800645e+02
-5.078698215387920101e+01
3.588768140630728567e+02
-5.862695238613398629e+01
1.103386135461318531e+02
3.365982264379476305e+02
1.225996674811863159e+03
-1.074056114734823524e+02
7.354013434059335168e+02
4.858478245032391101e+02
1.768285328201598929e+02
-5.290578306554458976e+01
2.276948694309970165e+02
1.465410557172797112e+01
4.150370120479176990e+02
1.137753378325028280e+03
-3.298064769451130473e+01
-1.253686484636599729e+01
6.337533250775116755e+01
-8.332600310670208899e+00
4.501281505573310255e+02
-9.331353545779325032e+01
2.666501327183908643e+02
9.393329361572892822e+01
5.020780868149223579e+02
-1.752886895935247935e+00
5.613097589954940076e+02
-1.298205332553115170e+02
5.564426072458285262e+02
1.589836513525759187e+02
2.389414866397722790e+02
7.500679257769008927e+02
1.858608779030620610e+02
6.569164699638236016e+02
5.236052034248909877e+02
3.767178722188251072e+02
-2.222626557211719103e+02
3.980865948266647365e+02
-2.278911247830611231e+01
9.210780692591643515e+01
1.075182440677884017e+02
-2.028538847279442336e+02
9.666250615450501016e+00
2.290878302753601474e+02
1.942607853251600432e+02
6.222882970404682510e+02
-7.720877338025147196e+00
4.336530087423775512e+02
1.766396748267783892e+02
1.369632036748693338e+02
4.811934957162600313e+02
3.253651986960952627e+02
9.552227366527039294e+02
2.909897118911533198e+02
2.141888682344329879e+02
1.407421374803881235e+02
5.893015475554893783e+02
2.567310316923370124e+02
1.914877802289509816e+02
-1.594743479370002888e+02
4.102773551941903065e+02
2.487411747236471626e+02
3.527734595323170197e+02
-2.261621338124814997e+02
3.356005603887292068e+02
2.296487186911656693e+02
1.111550164956051958e+02
1.196670841663177853e+01
1.432037605478313083e+02
8.753469908571226199e+00
-9.583219685746672667e+01
3.365030035206834782e+02
4.275364092263945395e+02
-9.377323192313797051e+01
1.049933902412772341e+03
1.100170195651846967e+02
4.193227826062517920e+02
-6.170477778014821979e+01
3.112259351203889537e+02
-2.966700762723817775e+00
5.813174502064812259e+02
4.341209251069424226e+02
-1.019551147316211512e+02
3.655613605592318436e+02
1.651679365622730984e+02
2.361450188027122294e+02
-7.054420364068658955e+01
2.866619024786815544e+02
3.266855756366669539e+02
3.859072281045656609e+02
2.283831527349550328e+01
3.934177573876143015e+02
4.943813531320574839e+02
5.201662807300478164e+01
-4.498549871151094521e+02
3.120761485917087157e+02
2.685784415918234913e+00
3.581425984302889276e+00
3.302035629242477626e+02
2.333453440228874740e+02
6.243116003915172314e+02
-6.880460131965347159e+01
4.455188376292059615e+02
-8.298649835349453951e+01
5.791038913015595426e+02
1.248684331507048455e+02
7.356308625424940146e+02
2.428290644572359724e+02
5.455059295444125382e+02
2.832974461120261367e+02
7.443951409934885532e+02
-2.372088530166609246e+02
4.238726575774713297e+02
2.318472697707896373e+02
5.106583305861597069e+02
4.025455492522921759e+02
9.246476596241114976e+02
2.955319184797791650e+02
2.506600913840479734e+02
6.600028813708750022e+02
1.900830486158641577e+02
1.085880546236384703e+02
2.462152126395960394e+01
4.625227926466741337e+02
8.266934126035745578e+01
3.445596046164118320e+02
4.247572472171218010e+02
-1.951851555323826659e+01
4.406283340479481581e+01
4.077626214962940594e+02
8.530504027770417963e+01
2.591221091828118119e+02
-2.665421342151911404e+02
4.094611331051639809e+02
3.231381802495020565e+02
9.117788638152236445e+02
2.222682224695179229e+02
2.108437203144992509e+02
4.230093990821776515e+02
-9.983724045704201444e+01
4.172156244334473740e+02
3.264549937821985282e+02
3.517276406247374894e+02
1.947047859948366977e+02
-3.857149157629737601e+01
1.507379339000013658e+02
-8.213803358526213572e+00
2.496001916296460621e+01
2.987744667787180219e+02
2.314207768629057966e+02
-1.441509876956016569e+02
3.523324216390987544e+02
3.315285440222155557e+02
6.679623334691891614e+02
-1.737380840838548579e+02
3.413755870661884160e+02
-6.727747983013399846e+01
1.701505264355841973e+02
4.276368588217291631e+02
-1.412109335366684775e+02
-2.061834258702239708e+02
5.600098697854058827e+01
6.814405440285693771e+01
-1.578470060194963480e+02
3.872177270438296546e+02
1.315232135631410415e+02
1.028220838859169248e+02
2.782786459701703734e+02
-1.722899316776866101e+02
6.161555929353804686e+02
1.884861330250261346e+02
-3.485695133690574607e+02
2.139937266651477046e+02
9.778886929028494990e+01
-2.446824874203059608e-01
4.040105981618564783e+02
1.214799363267386809e+02
1.043627989066602737e+02
-2.649487573477837827e+02
