-3.301404626661773705e+02
-5.691140097850220627e+02
-1.921553682994952510e+02
-1.685245870866625353e+02
-3.327759467294085880e+02
-4.277734969808532242e+02
-4.143465445255683903e+02
-3.590490174794173299e+02
-3.440058410493509200e+02
-4.109825697534920437e+02
-8.201393414652851561e+02
-4.758854181703266022e+02
-2.255727871765070347e+01
-1.423783601293064009e+02
-4.977278827106806034e+02
-2.771997007174074952e+02
-1.752509229655430545e+02
-2.852578715187871694e+02
-3.344283004214839252e+02
-2.118358912232705507e+02
-6.416882464418062000e+02
-3.912060683771294407e+02
-3.182655088570703583e+02
-6.374760748377264008e+02
-3.168123949492532461e+02
-3.960819399047991283e+02
-4.202961079740737773e+02
1.566483485760334915e+01
-3.925963979010258527e+02
-2.987900643735226822e+02
-3.408446330228468213e+00
-4.237051927745010858e+02
-3.231617123704917844e+02
-8.099925086233299965e+01
-7.339688592041441098e+02
-5.563973600666042785e+02
-3.255172634056810352e+02
-4.128594323343038468e+02
-7.977582193565929458e+00
-2.713473765574291292e+02
-4.747995276501101785e+02
-3.035223654919154228e+02
-4.637432061240818939e+02
-6.087010200577689147e+02
-9.797118389382559656e+01
-3.260536243704555091e+02
-4.681036745051548564e+02
-5.166160838684620558e+02
-1.224176571741545132e+02
-6.366586357690226805e+02
1.246471293635646020e+02
-9.324115153733907846e+02
-2.480223454446389155e+02
-1.803856069548219523e+02
-5.974606098848518343e+01
-3.485278983516313929e+02
-2.515759749672018302e+02
-7.412624916811764706e+02
-3.999041918416066892e+02
-3.588800743067081385e+02
-3.260304108093063178e+02
-1.360517556324255111e+02
-5.069354956962255869e+02
-2.653133168220304015e+02
-3.308975702478841754e+02
-8.534078628003401263e+02
-3.958846705103073873e+02
4.466128542060448581e+01
-7.972136342432120273e+02
-2.476787076686615876e+02
-6.972095632845530417e+02
-5.013460981150857378e+02
-4.785335649175931394e+02
-2.424040780622005400e+02
-5.356738557992928236e+02
-3.729912301378267898e+02
-5.184781651343514568e+02
-2.412095231407791971e+02
-1.967723042220227399e+02
-4.815310668971150108e+02
-1.032098102340339665e+02
-6.473925136948432737e+02
-8.241494883466973533e+02
-2.670093881563614673e+02
1.614377634522626082e+01
-9.802020605233700508e+02
-6.166548967507794714e+02
-8.177901849919784354e+02
-4.151773318286787458e+02
-2.792286030756193895e+02
-5.460835357748243268e+02
-4.000331988190032462e+02
-4.190368066542617242e+01
-1.965736734691022605e+02
2.383654378320859024e+00
-1.829765388249757905e+02
-1.108919463315277341e+02
-2.528761546876786497e+02
-3.926849006410403149e+02
-6.344527547307478699e+02
-2.832861475207206468e+02
-2.774684096443083945e+02
-6.536899996721829211e+02
-7.289204714506025766e+02
-6.265957606699010967e+02
-3.384228352782286038e+02
-4.001269952970514510e+02
-5.969297443715477129e+02
-1.846854035818613511e+02
-1.566131199196472323e+02
-1.819453790177067276e+02
-6.107132332042652934e+02
-4.470289667574826922e+02
-4.990262555107608478e+01
-4.922424617332986827e+02
-5.341641837706594060e+02
-2.836581049940039634e+02
-3.582649905974924991e+02
-2.401628542486511719e+02
-2.269269266758587662e+02
-3.201336751628903130e+02
-4.004301959488342959e+02
-3.200580515423690713e+02
-2.749114107299612897e+02
-2.557823929015008559e+02
-6.406386405062795575e+02
-4.696639014224261928e+02
-4.052966321976873019e+02
1.502613154811133711e+02
-8.495449330946834721e+01
-2.982103103654221172e+02
-1.005454715539854362e+02
-2.205847063487667867e+02
-4.598186956755548636e+02
-4.154925893455488222e+02
-5.543517548722251576e+01
-4.038069566319305181e+02
-4.106630183698821384e+02
-7.122774203998336588e+02
-5.060188679788855666e+02
-4.632824147396598846e+02
-3.400163332080322789e+02
-3.056146805835476812e+02
-5.079219268470306474e+02
-2.757022748141072839e+02
-3.381960096524141477e+02
-5.614341647206458674e+02
-8.002392938056246976e+02
-1.073318184328425389e+02
-6.022923396367586975e+02
-5.234934679408402189e+02
-2.552500325469654285e+02
-4.156219901623154556e+02
-2.150542849765307665e+02
-1.995658476414867550e+02
-1.893794465840024372e+02
-3.539395263980795221e+02
-4.447161157643927822e+02
-2.062267236348939150e+02
-1.307548517158716663e+02
2.174376135263616661e+01
-2.159442593238682377e+02
-6.166149839510856054e+02
-7.178749331810989815e+02
-3.790018315620588965e+02
-3.762143526340506128e+02
-3.335514165757557521e+02
-1.480665173806534085e+01
-6.844435417502554628e+02
-2.495892513077258741e+02
-6.387043049200362930e+02
-2.088401825289752196e+02
-6.670218100944343860e+02
-5.848825238216718390e+02
-1.968853513315394821e+02
-4.777264461660216739e+02
-8.413693874187246990e+01
-4.374099898435496243e+02
-8.125066103877105661e+02
1.591072397073093043e+02
-4.306481908334715740e+02
-4.105569453498181360e+02
-5.188571817098627434e+02
-3.495059563276170138e+02
-6.360375950425443534e+02
-2.610952503121306449e+02
-3.715815973887700920e+02
-6.042300717791708848e+02
-1.050581425981377834e+03
-3.168928025086485718e+02
-4.102011942400399676e+02
-5.228927068151189133e+02
-3.399137623032682995e+02
-2.476916287009534017e+02
-2.554845044063834791e+02
-1.733860278097347134e+02
-9.996125892108867106e+01
-8.354121616308602825e+02
-4.571536655662966950e+02
-1.290979593814798250e+02
-3.826091140282280207e+02
-4.720686867042640529e+02
-4.608815252417338115e+02
-5.629011165002277721e+02
-8.008299023532621277e+02
-3.976316397966102159e+02
-7.971973656663718657e+02
-1.135247593670363244e+02
-1.798493864873214818e+02
-3.254603071218353989e+02
-4.524471820078424571e+02
-1.867801342346262459e+02
-5.436331857059241202e+02
-2.973055889853254143e+02
5.518994743705039241e+01
-4.758256029090318862e+02
-7.023119812210762802e+02
-4.958925279622010294e+02
-7.079795638575642158e+01
-9.102339722370051049e+02
-2.889332121795429771e+02
-4.093036680611870111e+02
-7.077442811813722301e+02
-2.603231423505563953e+02
-1.522172250196449568e+02
-7.206230528144235450e+02
-1.869041292632649345e+02
-3.664453163294131741e+02
-2.474161536916162447e+02
-1.542722441846960351e+02
-3.269771543481036247e+02
-3.832678646940619842e+02
-3.299192479812006695e+02
-6.017389557811968643e+02
-2.740217547615959575e+02
-3.232667610823484239e+01
-2.172311207585388502e+02
-1.357385308217729971e+02
-5.224967589361434648e+02
-4.348955075103598347e+02
-2.456953324895089850e+02
-5.129262304779970236e+02
-7.125976412292953910e+02
-2.381398289519157174e+02
-5.307728007740162184e+02
-6.008156337089274075e+02
-2.222846864182955358e+02
-1.640800211174155265e+02
-1.982010971480231092e+02
-2.632915775771216431e+02
-2.983201956773197026e+02
-8.687538898329173662e+02
-1.243883139582605111e+02
-4.350955644143737544e+01
-2.261790987145093936e+02
-5.509560447930540761e+01
-5.589251772794457338e+02
-2.420922405684656837e+02
4.091548581045636013e+01
-4.728542554133083513e+02
-4.080012020280058209e+02
-3.920830928249300769e+02
-1.485663538714803735e+02
-5.808040160969303543e+02
-3.696225742239867884e+00
-3.583523875216334886e+02
-2.090744064890239429e+02
-5.536388835027187270e+02
-7.185243626315947267e+02
-4.337571328927945160e+02
-5.243109732962221869e+02
-2.268955022294746868e+02
-4.345041329408006163e+02
1.683313912875414431e+01
-7.610641734581727178e+02
-4.149414055933209511e+02
-7.814324770620476102e+02
-3.345215494965429457e+02
-3.932123164184662869e+02
-1.713936504049773646e+02
-2.779213580059778224e+02
-2.737452425136565921e+02
-3.042259783056830429e+02
-7.428851496777168677e+02
-4.013725905671990404e+02
-3.208852372713290038e+02
-5.534711587447983447e+02
-3.305858515055452358e+02
-3.690412428165465144e+02
-4.296201302080300479e+02
-3.885609182102741670e+02
-3.033213851826693599e+02
-2.695556970496783151e+02
-5.188773595154854092e+02
-3.852278904885765201e+02
-2.560524763093949900e+02
-8.935086442462502987e+01
-6.640041231462985252e+02
-1.269739573481241166e+02
-3.444848585172941853e+02
-5.974374805088993980e+02
-3.567910520201762665e+02
-3.432282833663275596e+02
-6.137328386919961076e+02
-3.161025643899554325e+02
2.868514486613286252e+01
-5.433366253967577677e+02
-4.482269200938681593e+02
-3.111440184062589651e+02
-2.777644342505525401e+02
-2.276161263441455560e+02
-3.715210312278990159e+02
-3.384350461704932513e+02
-3.412413749359914164e+02
-3.219229882729956103e+02
-3.038854705510052554e+02
-3.852410611064821069e+02
-9.787726442773582392e+01
-3.887084621127158925e+02
-4.557124258277527815e+02
4.470945795414920099e+01
-3.813948244691382001e+02
-7.501810021213437096e+01
-4.437767268371404725e+02
-1.124497200105470711e+03
-1.077988183980704946e+02
-1.300997817771999792e+02
-1.483138623623922854e+02
-8.665158889037957124e+01
-3.535234276093930248e+02
-1.601768983578652694e+02
-2.821939644472905684e+02
-4.682877790635587303e+02
-3.671919976248047419e+02
-4.967018418955369157e+02
-7.413707694384063416e+02
-6.292465442214019049e+02
-3.011758052644120198e+02
-3.925922775246961010e+02
-4.948213769150806343e+02
-1.010280365053698688e+02
-2.010364200947398672e+02
-3.780495614074919786e+02
-6.922206030583627978e+01
-4.858284592545651890e+02
3.433087030010320291e+02
-3.009013968764097058e+02
-5.792735791712993887e+02
-2.365590700367376655e+02
-4.415269218135198344e+02
-3.837664669838434861e+01
-5.804807778248049317e+02
-1.593078516866388838e+02
-3.303419468335966371e+02
-2.664579849413474903e+02
-4.536118205852906158e+02
-8.442601090401635702e+02
-7.633513142969502496e+01
-3.952622246567217985e+02
-4.285738167436092994e+01
-2.821185348325153086e+02
-8.210458062463047781e+02
1.298798462907586213e+02
-6.628419994230807788e+02
-2.272233785410140854e+02
-8.985423594574120898e+01
-4.718049220568846067e+02
1.044613155938498039e+02
-3.103597398860252952e+02
-2.170357177861073410e+02
-3.171082273979951651e+02
-2.565208546626162160e+02
-2.269073558767810255e+02
-2.459859301933832114e+02
-1.576107726531179480e+02
-3.456527553222693427e+02
-6.955110810860700212e+02
-8.768575511064202601e+02
-6.202639409300454645e+02
-2.656699384578475360e+02
-1.654835800382530238e+02
-3.625803991919395912e+02
-1.555733896940915884e+02
-5.607297208493143899e+02
-2.357274051185968915e+02
-5.101666001154183618e+02
-3.657361672558574810e+02
-1.038066717624290902e+02
-4.401531304504050013e+02
-1.689158865784256420e+02
-6.175375290144982188e+01
-5.449034001459924070e+01
2.165248087381010009e+02
-4.437616079101317723e+02
-4.780342472387069961e+02
-8.657851424824701780e+01
-1.477369885552267874e+02
-3.930350450498096961e+02
-2.245228238427744714e+02
-1.201386274011386064e+02
-3.767207897808460189e+02
-3.043050537074515205e+02
-2.779290233305239326e+02
-2.891670958500604343e+02
-3.063441511612041381e+02
-3.146393954927572736e+02
-7.732925671834183277e+02
-2.012082091847559013e+02
-1.831348546360850378e+02
-2.183781478350911982e+02
-4.602668778819209479e+02
-1.790495451855285864e+02
-4.147682564009747921e+02
-4.602733093790628232e+02
-4.178725774046203583e+02
-3.221696953842288735e+02
-3.094110919006297991e+02
2.378988303536146987e+01
-3.422844244198813044e+02
-7.678451018602845579e+02
-5.074748970096171661e+02
-3.284539610487288428e+02
-2.594948607799994988e+02
-5.248494914682863737e+02
-3.584175612887082139e+02
-2.763068256718229918e+02
-3.599666143858976284e+02
-5.907556086463782776e+02
-8.313283228572133510e+01
-2.427518644371423591e+02
-4.791012305506483813e+02
-3.549295473040625666e+02
-6.945020091027582794e+02
3.114885826194528917e+01
1.959985321120056199e+02
-1.790378317675371704e+02
-2.203943873816866130e+02
-8.189681483998191425e+02
-2.076168405422678518e+02
-2.882248634707670476e+02
-4.794840113982771754e+02
-7.493917909296408197e+02
-6.395889224182443513e+02
-7.008415062919231104e+02
-5.543120959223748514e+02
-3.262483232196661902e+02
-1.828753907951045790e+02
-3.012682533905944524e+02
-5.540378662188975341e+02
-2.105797612140298156e+02
-3.022562892888659007e+02
-6.166154937425944809e+02
-5.468190059497728726e+02
-7.755568733321474610e+02
-2.061981079930436067e+01
-4.277809375316795695e+02
-6.702805075857645534e+02
-5.094172473920056063e+02
-2.930056201892630270e+02
-4.642781103580934996e+02
-3.003778156796099097e+02
-8.672005701487458964e+02
-2.667922899736470868e+02
-6.429672135617870481e+02
-2.692099809211782713e+02
-3.682887902131993769e+02
-5.358889156090641563e+02
-8.931543777934737705e+01
-5.796057215155169615e+02
-7.433140692887106979e+02
-4.819611469669037547e+02
-2.852258286338653193e+02
-4.223413582713795904e+02
-1.990587832888915329e+02
-9.601199209282341940e+00
-8.383099324226105864e+02
-1.714947462293413025e+02
1.348989031950566186e+00
-2.327968942442977891e+02
-2.702243384471356080e+02
-3.469258309996810112e+02
-1.839586349529168103e+02
-9.832007960969019678e+01
-2.901730040339925836e+02
-4.088559875988779595e+02
-2.269737470593661044e+02
-3.960342236797553142e+02
-5.765627395287510808e+02
-9.344480400406606577e+02
-3.679907512703800876e+02
-2.830432059962118387e+02
-5.469699428116020954e+02
-5.556788418953823339e+02
-1.828550363831072900e+02
-5.632070094587563744e+02
-6.925740037210848641e+02
-4.184829522860120221e+00
-8.435802738048403171e+02
-1.057993957811933967e+02
-4.066010315208162638e+02
-2.916633524059682827e+02
-8.196851728386371860e+01
-1.387223373274687503e+02
-3.050750089590430321e+02
-3.426402583577644236e+02
-1.144290145605050952e+02
-3.166433486532505412e+02
-3.675138947983193702e+02
-5.109799227295462174e+02
-3.369583232096328516e+02
-5.073206756930803181e+02
-2.891839813868393207e+02
-4.487909654786620877e+02
-3.071381698419657482e+02
-1.855114109215691656e+02
-2.917207309715563497e+02
-3.614527885399029401e+02
-6.622356619860485125e+02
-2.071047393350056325e+02
-4.997848143130389076e+02
-1.575267028808460168e+01
-1.683351779757064151e+02
-1.298984063757776539e+02
-2.066513917911647127e+02
-3.523961192381564729e+02
2.740697875593356159e+01
-7.055633572091802534e+02
-5.185772147106577279e+01
-6.479644108931613573e+02
-2.561599807909099695e+02
-6.180987056784022116e+02
-2.805074177259457997e+02
-3.155352095178229774e+02
-3.615434917575755662e+02
-8.812443859215503039e+01
-6.328284205316763291e+02
-4.449009416385311511e+02
-3.448715455657940652e+02
4.127280539724873165e+01
-4.396033041837849282e+02
-5.968956980904512193e+02
-2.253680589719737668e+02
-1.500169664958027340e+02
-2.412831727997055395e+02
8.930203222306508337e+01
-2.801747157026312038e+02
-3.205045802568138811e+02
-2.906912179038630484e+02
-6.041595071393049921e+02
-6.686544174429293435e+02
-6.533587369372438616e+02
-4.652584971630029713e+02
-4.304549688723489567e+02
-1.574561310547699975e+02
-7.942974532476901572e+01
-2.611902567381065410e+02
-4.566719933552511179e+02
2.474118073530413753e+01
-6.396908831829442761e+02
-2.288697536733210995e+02
-2.199164046823301533e+02
-5.125581717993808297e+02
-3.140861260638572361e+01
-5.490923019713661688e+02
-8.096792556072842899e+02
-3.609630437487048766e+02
-3.928497451684385169e+02
-1.778715371736866189e+02
-3.846779064086896369e+02
-2.878932263500374802e+02
-2.287541293520584418e+02
-2.557877187909714394e+02
-4.864122009551764592e+01
-1.633193881260907574e+02
-3.041091376483068416e+02
-4.584924201591497877e+02
-6.019580364641220172e+01
5.576266684767003312e+01
-4.681995206634085775e+02
-4.616560566300919390e+02
-7.956462972089293544e+02
-7.173435048389609392e+02
2.755821762416283960e+01
-4.326580847466015030e+02
-4.800453608925654407e+02
-6.713316464811742890e+02
-9.881562795725636761e+01
-1.716999998444768210e+02
-2.893796350961770827e+02
-7.414499478641301948e+02
-5.711109334444900014e+02
-2.394490521594955510e+02
-1.579190039018869243e+02
-5.300428422797141366e+02
-1.492580894327609826e+02
-5.652801270071279305e+02
2.689063591403862574e+01
-3.617439299789431857e+02
-7.781123714876390522e+02
-4.093273995997462862e+02
-6.590418545995823933e+02
-1.906331680564510691e+02
-5.082655610819068102e+02
-1.973339267200101403e+02
1.096508957418196530e+02
-8.369214412843753337e+01
-5.353604407171673074e+02
-8.104393753537240741e+01
-4.803300103469885585e+02
-4.873538278703878177e+02
-3.299195350677952092e+02
-4.611697587291621403e+02
-1.946603273213204943e+02
-4.709791511365145311e+02
-2.472719989735242336e+02
-2.744029948907805192e+02
-4.489758322078811261e+02
-6.500981971248618265e+02
-2.889323635957056240e+02
6.390271925165180278e+00
-3.633698155109198638e+02
-3.844269684157992515e+02
-3.242713232165996260e+02
-3.913127859527527619e+01
-2.876415895749790366e+02
-4.314648147741945081e+02
-3.450481791174208297e+02
-4.843502791430972252e+02
-3.863819950303336270e+01
-2.228006094994105695e+02
-7.376824520593409034e+02
-1.270500415531498959e+02
-4.592505825315333823e+02
-1.659347407402272978e+01
-2.507303754155476838e+01
-7.811602917182584633e+02
-3.442095941307125031e+02
-5.037632867172832363e+01
-3.752903494762410332e+02
-4.331923498080100217e+02
1.230317417294113795e+02
-3.663253859442048679e+02
-5.364057455198114894e+02
-3.385411229895605629e+02
-5.401933250397315760e+02
-3.137257574326972076e+02
-5.051753010653570755e+02
-6.207756571658613893e+02
-3.473976537142588654e+02
-6.137334572494834219e+02
-6.490608570823928858e+02
-5.697542412905052061e+02
-2.004388751947124661e+02
-2.411506216571860648e+02
-1.165053902696786054e+03
-4.042158789973846069e+02
-3.775353549194994116e+02
-5.052194300020116771e+02
-3.548067315834793476e+02
-2.735412826858377571e+02
-5.160029552239169561e+02
-6.555900705848366670e+02
-6.039528571384863653e+02
-6.233816664758734305e+02
-2.854330978117022255e+02
-3.311869161290103420e+02
-6.106214325814728454e+02
-3.743155072405438091e+02
-3.016749262971289340e+02
8.677847944584094364e+01
-5.520621577236477151e+02
-5.497658925326655890e+02
-4.235829973301914606e+02
-2.758694572507909584e+02
-2.845551033044349651e+02
-3.384552357087609380e+02
-4.102620202801777509e+02
-4.048816001705103531e+02
-7.412575158464898095e+02
-4.278255686532299364e+02
-3.195583196206482626e+02
-2.610131804486471765e+02
-2.544906462023981817e+02
-3.546369202775320559e+02
-1.347859508995649662e+02
-1.484262973355682334e+03
-6.544446182671733823e+02
-2.815759473374608888e+02
-2.714073441836997631e+02
-2.899215698147114040e+02
-5.388252465211445497e+02
-4.501699388591168827e+02
-2.209040110241859907e+02
-2.627675738355387125e+02
-7.562054141932843550e+02
-1.527598385038899096e+02
1.294151888885863002e+02
-4.232121797553891724e+02
-3.194428863377053744e+02
-7.263975578939515572e+02
-9.576825194758988857e+01
-3.423724372578596444e+02
-3.811953675466105551e+02
-2.854535411266803635e+02
-9.944901771391869261e+00
-9.837569194013061633e+02
-4.780854686593577298e+02
-3.751365221603888358e+02
-6.706785970406116348e+02
-3.555193933118767404e+02
-4.002171332819400504e+02
-3.985434910284068906e+02
-1.937817061501878584e+02
-5.877221415719183142e+02
-2.013914341822509755e+02
-8.526639316050250272e+02
-1.266984924351147868e+02
-4.055013217284476923e+02
-1.435786816863241597e+02
-2.285318052280867960e+02
-6.624593475382657743e+02
-3.382736088206783052e+02
-6.569383679514576215e+02
-7.351334655483080951e+02
1.846465023771105507e+02
-5.316535086552236180e+02
-5.835570010829060266e+02
-4.362011178311849449e+02
-7.437338867964068641e+02
-5.743047868197919570e+02
-4.161296093089414967e+02
-4.186583060384769510e+02
-4.841395847308778002e+02
-8.989171969357087164e+02
-5.102587530694347606e+02
3.129900426219386418e+02
-3.992292100031170321e+02
-3.074098849664847322e+01
-3.568557348196403041e+02
-3.707096712185357319e+02
-7.052019895927899142e+02
1.046509777721998091e+02
-4.533707430150806204e+02
-1.032917113362420025e+02
-6.771958771527006320e+02
-4.369915784223371702e+02
-3.811434671553400904e+02
-3.671904401840792787e+01
-1.230406165318998717e+02
-1.786949890707794566e+02
-5.923017341778956535e+01
-6.824748117149557629e+02
-3.190466319603733609e+02
-8.713651925032484087e+02
-3.294512618707231582e+02
-2.109692440656309600e+02
-1.896570011001353748e+02
-3.565652534237679561e+02
-3.260046475370889993e+02
-9.674286927534184315e+02
-4.615603192972797046e+02
-3.744886233867965188e+02
-6.095498380574638304e+02
7.793182103445084863e+01
-2.145201463744948853e+02
-4.051051591728141830e+02
-6.485772724193313366e+01
-6.977967367865109054e+02
-2.310601507493648796e+02
-5.137029635352347441e+02
-2.753232254199693898e+02
-1.701320827091430772e+02
-3.142097846938768839e+02
-1.392231810847597728e+00
-2.986851323418643460e+02
-5.780025763306121007e+02
-2.753896047397195730e+02
-6.911766700561585139e+02
-7.951864777365649388e+02
-3.299875572986007342e+02
-3.054593047332979268e+02
-5.894793836269707299e+02
-3.256077552132423421e+02
-1.614483629154937603e+02
-3.688389810431891078e+02
-2.473972441642357012e+01
-9.257742270342765778e+01
-3.546496641476315403e+02
-4.214755193090728085e+02
-4.863061036122330165e+02
-1.780964849176149301e+02
-4.568447717749351256e+01
-2.922741228954959638e+02
-1.035568767123024969e+02
-6.928357303200893966e+02
-2.362305196766952236e+02
-2.130266242972832629e+02
-5.309878841397382985e+02
-6.748910738660714514e+01
-4.061920145734283665e+02
-3.388028572893496744e+02
-5.135699769654595457e+02
-5.137832913931614485e+02
-4.554969245757474710e+02
-1.766404136076049838e+02
4.428649517386154599e+01
-3.233000345235568034e+02
-1.402114358226794764e+02
-2.575771370408378971e+02
-5.401614862453136539e+02
-3.179216616803043962e+02
-4.774853101231046821e+02
-6.689950878411834765e+02
-2.679530282151865777e+02
-2.960328314042467355e+02
-4.732467008887967381e+02
-6.737156766909068892e+02
-3.432966659012158175e+02
-3.613538316008557558e+02
-1.791664245098285733e+02
-8.189629851473713416e+02
-6.064128384359541997e+02
-2.711581821347519963e+02
-4.563012701633198276e+02
-5.087738322530956907e+02
-2.899923692846895733e+02
5.673302469516556812e-01
-5.085332164863459639e+02
-3.665034934258091539e+02
-1.847631636473450101e+02
-5.205999198257416083e+02
-3.324696689893197572e+02
-7.179405356892370946e+02
-5.173241713088416418e+02
-4.572097047343146414e+02
-1.637523117289560446e+02
-2.065647294664740912e+02
-3.271028985339430051e+02
-9.882658496885600243e+02
-1.046411974847738122e+02
-1.671370071537071738e+02
-3.241283876512646316e+02
-1.142288319796023615e+02
-1.598456899255345149e+02
-1.924769075004257388e+02
-4.645753457440084162e+02
-2.327284687368486402e+02
-6.617054339985344313e+02
-4.269022896517765844e+02
-1.095950878985747465e+02
-3.627408999213066636e+02
-5.291172387787457865e+02
-3.468541380216550465e+02
-1.536976536055455540e+02
-2.502560607940025506e+01
-2.010396342026093350e+02
-7.431274171389749199e+02
-6.224863653162974515e+02
-5.705700815634331775e+02
-6.584243187291264121e+02
-2.879261315027390538e+02
-5.107484083043581222e+02
-2.559661311273744957e+02
-3.003823821203239390e+02
-6.960077933117432281e+01
-5.368195549871055618e+02
-9.594867746707065237e+01
-5.962855056937005429e+02
-7.982044006983205975e+01
-7.177132550370254194e+02
-2.001019211911969080e+02
-3.675296336552111711e+02
-8.180059912802579447e+02
-1.042507292974043139e+03
-8.357758757265368104e+02
-4.640621615513157963e+02
-5.829070429040735917e+02
-4.847994023517489381e+02
-5.686304347796578895e+02
-3.008774132483100061e+02
-3.028969092267099086e+02
-4.877211784264331982e+02
-7.373707306861127790e+02
-2.143769167255998696e+02
-3.862154628453298528e+02
-3.349920688733835163e+02
-5.011857518120236250e+02
-4.529439690664579530e+02
-8.335275545192342861e+01
-4.017658052345447004e+02
-1.119274565105114903e+02
-6.449021882014127414e+02
-4.991547693967113446e+02
-3.205505228891012734e+02
-4.377998575361155531e+02
-4.564765504766994582e+02
-7.753331847234513816e+02
-4.333617670174771064e+01
-5.520368601868966607e+02
-2.358538638051612111e+02
-4.965433872983967944e+01
-1.664680700611410771e+02
-1.184979147331371507e+02
-3.409911795305280293e+02
-5.502122229341797492e+02
-6.380831260268688538e+02
-7.489905493852617155e+02
-1.110759987964499089e+02
-4.205621349762082559e+02
-2.905302898069507478e+02
-4.822630176722700526e+02
-3.666563032935726483e+02
-5.206795040321194392e+02
-6.285029427797617245e+02
-4.638065317942472348e+02
-2.705655520140433055e+02
-4.372114525622011456e+02
-2.942992827615668716e+01
-4.693416261220581873e+02
-9.461321007360118074e+02
-2.623235469869725875e+02
-3.036666538100333668e+01
-2.933112942498557913e+02
-4.548055679500320707e+02
-3.564077075865957340e+02
-2.164593252602247446e+02
-4.472739847653052152e+02
-3.972563827641229750e+02
-5.455346470829865666e+02
-3.553178452074221241e+02
-3.017610898757188806e+02
2.569638517612061150e+02
-4.901071019799716169e+02
-1.442332793826503234e+02
-5.844194545620930512e+02
-6.362070112111248363e+02
-4.397502361517282452e+02
-3.716059883956625072e+02
-2.703252351539358074e+02
-1.821199613454523956e+02
-4.526004400278255844e+02
-4.740623263438558297e+02
-3.525775087677808983e+02
-5.586417474167203636e+02
-3.819718663847853577e+02
-5.840529960872467541e+01
-4.189650250678870975e+02
-1.949811333375175479e+02
-1.412099942247120055e+02
-3.750831267969150531e+02
-2.476158416372329896e+02
3.729098075944058621e+00
-3.516065499833047170e+02
-6.180746280054354429e+02
-6.384705393535192570e+02
-1.576791294536826058e+02
-3.763927508366422785e+02
-4.401260651417121608e+02
-6.443474364885183832e+02
-6.059601753342213897e+02
-6.880610981078763189e+02
-3.616789261833937417e+02
-6.004039092160611517e+02
-5.883580923901912456e+02
-4.051617586842842229e+02
-4.926926473978882086e+02
-4.559592060061305574e+02
-4.657215743395931327e+02
-4.117568878402350379e+02
-4.430023526524008730e+02
-1.061639481470334943e+02
-3.385661565374957718e+02
-4.130267513574708005e+02
-1.311924448880377554e+02
-4.324945796205793727e+02
-2.402265180233489446e+02
1.081949493524392381e+02
-6.268892233801640259e+02
-2.880377496457309690e+02
-2.799145664077809670e+02
-3.173427402851027637e+02
-5.315540152835674235e+02
-2.734065336055151079e+02
-4.625004864263767104e+02
-3.442268325328412857e+02
-1.169742415780778515e+02
-4.284958882916266134e+02
-3.519692329973889855e+02
-2.917438955556097824e+01
-4.063383053100275220e+02
-7.910080914157026655e+01
-2.346551316316414955e+02
-6.678149167339947780e+02
-2.704132215390145575e+02
-5.115465295837897202e+02
-5.390718393196697207e+02
-2.642504076752233004e+02
-5.785343689910618536e+01
-2.280998417687827384e+01
-4.745955467712045674e+02
