3.343541869257945791e+02
-7.103036441490078801e+01
1.411304409285728525e+02
2.450928946968062405e+00
8.321806012152929952e+02
1.146611517642707838e+02
4.760875960341458040e+02
4.920707224144551901e+02
7.783532161580822617e+01
3.162139791321331472e+02
5.050825729312152248e+02
-1.403881828387312112e+02
1.352945909050414457e+02
1.912130865561277346e+02
7.474741040492623370e+02
1.871882762961201365e+02
1.135521352869898465e+03
4.666053893398508734e+01
-4.523772240794835398e+01
2.732088463507569145e+02
4.369321917057269502e+02
5.527133867211390452e+02
5.162157158103265147e+02
4.025535845159219548e+02
3.722261726641972359e+02
2.544536973926087740e+02
-2.317824447744258975e+02
7.048291998031835419e+02
-3.874414258686218915e+01
7.822960989184828122e+02
3.526848116789186065e+02
3.695721306744191281e+01
4.121360213612973666e+02
1.677344617207645570e+02
3.682683987088647655e+02
5.185590548485791942e+02
2.509524619207438434e+02
7.563922685154017245e+02
3.604666868803804505e+02
3.075025034726967874e+02
2.590327237972605445e+01
5.513033308862065951e+02
-2.934008682368497034e+02
2.126781741841449787e+02
8.422850640915329450e+02
5.524207038629414228e+02
1.728534055270532974e+02
5.602013995355365239e+01
2.656716092843421961e+02
-1.962171610154976520e+02
-2.035650126260174488e+02
1.732438624350068892e+02
5.432669011740572387e+02
-1.229971371626640178e+02
2.396951000916241981e+02
4.553625320146589956e+02
2.776093971287590989e+02
-8.185134159761653905e+01
1.851328349071763455e+02
-1.314891608080767469e+02
3.450839930608108261e+02
3.721034725451217469e+02
-1.047393897210756677e+02
7.052907353530915202e+01
4.822640975592628365e+02
-1.459861551312111487e+02
1.401819106248312607e+02
5.431162453253324429e+02
4.057231745772564864e+02
1.554891974655681111e+02
-6.238462993824562375e+00
2.223799290726650213e+02
7.245814622794043771e+02
1.202053138693496805e+02
3.054175273603427740e+02
4.084635673964758951e+01
3.804329857729591708e+02
1.985184090335507676e+02
7.581382216536004535e+02
4.051353634968411654e+01
1.521725607014105890e+02
5.481941187469667511e+02
1.230241154640021648e+02
1.264402598661072545e+02
-9.061204031983652385e+01
1.605895520433950594e+02
2.118338267815365725e+02
8.956796849554898188e+01
4.859524830858143218e+02
2.413520025892433978e+02
1.375125800958878472e+03
5.510604960172324809e+02
9.371841439589866241e+02
6.870580739293294528e+02
2.185495410051281908e+02
-1.346775648703154218e+02
3.008981377705933937e+02
6.635410802361578817e+02
3.237012752840213921e+02
6.949252264686024319e+02
1.778648655137445189e+02
5.010371799950437577e+01
7.267304128823038809e+02
4.159457322785572160e+02
1.063535463099426579e+02
4.150838789196997141e+02
1.635928872318266940e+02
4.950078999915696727e+02
5.075989748975072189e+02
1.596079320421124805e+02
3.358549904061456459e+02
6.621572508043822154e+02
-2.173488332814972637e+02
2.036387645794292780e+02
-1.224247998446437862e+02
3.755774248897594703e+02
5.175181234223013007e+02
-6.381904212228193529e+01
2.866415036609752676e+01
-2.450842402857143441e+02
5.118471616258278800e+02
5.870062750763394206e+02
-2.184193548548660999e+02
4.591093189273157122e+02
9.943989350588249465e+01
8.942691483098029721e+02
5.453624899239397337e+02
2.533852228324986982e+02
3.019402555150807075e+02
2.088194573920078483e+02
2.131009789355210273e+02
-3.971078294276518932e+02
-4.765518031029284174e+01
2.884682287021768730e+02
6.518146252534195355e+02
4.049717559353996990e+02
8.889064887861428588e+01
3.004354938075314294e+02
4.677183129497742584e+02
-4.249570010966459677e+01
8.965897026582760532e+01
2.512152158080368736e+02
4.150101359751372456e+02
-2.566040119390699488e+02
2.944158764164523063e+02
2.481583254709805999e+02
4.383519512517148655e+02
2.313749640489455146e+02
-1.882260430595808316e+02
6.897135587312303642e+02
2.299245541786833655e+02
6.662695340673407145e+02
3.810521722936564402e+02
3.374380832550942841e+02
-1.870402377439804980e+02
7.681710737474375605e+01
7.558981793260863924e+01
5.764841745823775909e+02
2.374488948951690190e+02
2.417386302425002782e+02
-1.351476533694986415e+02
2.802690595330445262e+02
4.413937428377786887e+01
8.867313939588394760e+02
2.691242571557071983e+02
-6.450418053539114283e+01
1.548289331776906153e+01
4.987981872172852036e+02
3.528491064744746808e+01
5.024047917854971388e+02
4.649768362378703728e+02
1.517852657355333008e+02
4.282875035117193079e+02
5.139125919949865420e+02
-2.895726885869331113e+01
-4.426993614927492615e+01
2.709176994025202134e+02
6.285117707158395888e+02
4.838100226779709487e+02
-8.648949708633054456e+01
2.406547898446865474e+02
6.805995952860229181e+01
-2.618026162932459897e+02
1.303734101431479644e+02
2.306483509602234960e+02
1.052026986060876013e+01
3.100813436913437044e+02
3.579375481945467641e+02
2.249474614653527169e+02
-4.412171931573951156e+01
-1.908563182571523384e+02
3.893681225268783805e+02
4.083805110202348487e+02
2.073926931072814170e+02
-1.128214304172624338e+02
1.892551319137702421e+02
2.012835492012433747e+02
-2.057182368843720894e+02
2.045994055241621368e+02
2.660039252110931329e+02
4.011157860099449977e+02
7.633857345393906257e+01
3.693767019705110499e+01
2.875811866590406680e+02
1.427863790087843654e+02
2.098078930234029542e+02
4.407622389477996876e+02
-1.380712743840769576e+02
4.836557811649879568e+02
1.226677003240206858e+02
4.531839438405602323e+02
-2.081527338884874041e+02
-1.033081603532904182e+02
-1.256054201940364976e+02
7.166557126647662699e+02
1.663687551503844020e+01
4.440762567008723067e+02
4.736139994126626789e+02
4.895033702017087194e+02
7.053217429494776525e+01
3.564056456254775895e+01
1.342424701593132852e+01
1.011830644366434200e+02
2.458258058344568724e+02
2.545403166479852644e+02
2.624438978720510249e+02
8.953041231011340528e+01
4.817488914633718764e+02
3.202665262860974167e+02
6.435759352767516930e+02
1.438934120408455897e+02
1.345857488606924051e+02
-3.834554065238277332e+01
-1.175454600283737960e+01
5.662043484548130436e+02
3.959926368525299267e+02
4.437874336883635351e+01
-8.008786856268585552e+00
-3.151275332551121977e+01
-1.333625648011605733e+02
7.858731105814737816e+01
-2.628753425673556876e+02
5.803555443965322524e+01
2.423616460078106343e+02
5.800965612220212506e+02
5.505431863515206032e+02
2.645258200364266372e+02
6.524458413652204172e+02
-1.900133691023503957e+02
1.686885724262800750e+02
1.566501206841078329e+02
2.745919570424063068e+02
-6.483782511203763477e+00
3.729394172244409447e+02
2.447643275254911259e+02
-7.550138816837493039e+01
3.851821940554395951e+01
5.840448655721344267e+02
-2.556667501258500295e+02
5.134855436499760799e+02
1.954545806061186681e+02
1.780957621140297249e+02
5.438636509582980807e+02
3.841111934088281146e+02
3.826200173466100551e+01
3.832013628384104891e+02
1.602859506774348688e+02
-3.436058284329298829e+00
1.618040479707976260e+02
5.195741136264902025e+02
3.423430056333152720e+02
3.788000170485328795e+02
3.695404073079072873e+02
2.720252071302128911e+02
4.385138094664150117e+02
3.462836908065358443e+02
1.891119271296128659e+02
2.450540637762194365e+02
3.272916806194888295e+01
2.005331035145554210e+02
-5.199847312565990478e+02
7.872327768633202822e+02
1.734447943959141298e+02
-1.910597537668475070e+02
9.848349734318541095e+02
-1.322738157842608189e+02
5.942077540346164000e+01
5.600088245877509507e+02
4.297796891355415596e+02
6.614240285164656825e+02
6.959056207373558323e+01
2.819708869981661223e+02
6.176071294340882787e+02
4.582645845757365919e+02
6.614012259040086406e+01
5.514051853928617675e+02
9.205344502270193630e+01
5.897900068120775359e+02
1.013467083420962808e+03
-7.018638812760009671e+01
-8.105150836441511331e+01
8.907529975800568991e+02
-2.423075175791815923e+02
9.693895410362792120e+00
4.122846758376920775e+02
4.992380056091306528e+02
5.930596265063499573e+01
4.620595953511968332e+02
2.929259058948434813e+01
3.446034097510799370e+02
2.193705878473418522e+02
4.883213031917381954e+02
4.177478120160358230e+02
9.342555849024073211e+01
3.904609244111632051e+02
2.145528633016490403e+02
1.588742630981315074e+02
8.911426673596771764e+01
3.038115088765586620e+02
3.535840971400058379e+02
3.747143621779580940e+02
-3.674673774181979979e+02
-2.506421556920228682e+02
-2.471684684376482437e+02
2.422512768462476345e+02
2.401767313830120543e+01
7.970389754151045736e+02
-1.052397985111417142e+02
4.588586654478482387e+02
-7.770724377421009876e+01
-2.465524288265592077e+02
-3.047199074670186292e+02
1.449345190725711348e+02
1.194461448516145197e+01
3.150120254800892781e+02
5.220575588749716189e+02
-1.672950292795739529e+02
5.114540749668022954e+02
-2.640707050629200694e+02
-5.680122803684077581e+01
-4.000433608670472267e+02
-1.383217757770391927e+02
5.131967929154104695e+02
1.731776654167935448e+01
2.306478532182589731e+02
1.612908353257518002e+02
3.128431071536036256e+02
4.123778636224761840e+02
7.516598689572144849e+02
3.985456694526191086e+02
4.361358592526239022e+02
-3.823434829159344304e+02
6.856165194007378432e+02
1.958580585388740474e+02
-2.216670941182024279e+01
3.779818204789857532e+02
5.543544344933339119e+01
-2.063589265012734586e+02
-1.620697675256671744e+02
1.323296856708799112e+02
3.130733141002995126e+02
3.071674967332199913e+02
2.753255680367963123e+02
6.338791225554059565e+02
8.681750476765074609e+01
1.147331350407272481e+02
1.630069528406936570e+02
5.916020687561265277e+02
7.434551490936279379e+02
-1.201717140204197776e+01
2.264691212035867238e+02
2.903702930232696531e+02
3.557047643930530967e+02
9.546371858097253948e+01
4.953586396216577441e+02
8.752470507713771042e+01
-1.857199348183902288e+01
3.489059142481040681e+02
4.917359508521830662e+02
2.109536072138301677e+01
2.568054236579386043e+02
-2.103789371069292713e+02
-7.858028794234610359e+01
5.595135541752326844e+02
7.344771318228141581e+02
-1.684534275280345241e+02
3.563340798420674673e+02
6.553384885935491866e+02
-6.912093312322488714e+01
-4.036451839678808255e+02
6.163911893183668553e+02
1.976155897884031560e+02
5.167942721706933753e+02
3.214679667533418979e+02
9.079566656456746614e+02
2.151988482265869891e+02
3.567472375537108746e+02
4.247730661943492692e+00
-1.478750958927853389e+02
3.397176118753255309e+02
5.590436828835704546e+02
3.013529974982656086e+02
5.959148894955546183e+01
1.565860296051008902e+02
1.058030178939197583e+02
3.001513625060470076e+02
9.087519243297620619e+01
5.520107178094899609e+02
1.572933530822797081e+02
4.751909019594824599e+02
2.479117250893664561e+02
4.952903675453524670e+02
5.271757515938871848e+02
5.586233397433067012e+02
1.537413050643386896e+02
-9.096470120476773502e+01
3.479177284478947172e+02
-1.772144738816583072e+02
-1.116835302684618227e+02
8.577589161398728379e+01
1.146087875356556793e+02
-1.304510897454913447e+02
4.378020664358326144e+02
2.042016879569864329e+01
8.509004145625640376e+02
-1.064681292145459679e+02
1.151383712184903743e+03
-3.515337215949441543e+02
2.112743137837227323e+02
7.488057008567504624e+01
-3.296820894179474237e+01
8.428882899698268147e+02
6.590329328991263935e+01
5.310959333529060586e+02
-5.952672765911227515e+01
6.705749741514963489e+02
1.477985481908231122e+02
3.334677780006914816e+01
-1.876357635794528846e+02
2.605124407553802257e+02
-4.613596135470719162e+01
6.174122068481466385e+02
5.638558100027053115e+02
-5.725138061024978953e+01
3.110420130494596265e+02
3.485401052900298282e+02
-3.724679279664411524e+01
2.206753162560428905e+02
4.010845214851631795e+02
3.333620732579215655e+02
1.040646116335952001e+03
7.239059170918105224e+01
4.987205970674075388e+02
4.059823933595865242e+00
6.850959854574769281e+01
1.030513587021039825e+02
3.434102666272859778e+02
8.848172663812545125e+02
8.000747438770441988e+01
5.932684131741641522e+02
-8.108653770715409337e+01
5.478672381055413325e+02
1.419593321719395362e+02
6.994298628154865582e+01
2.227491232749790413e+02
-2.739989697568753968e+01
5.026143271588048265e+02
2.662680297339579738e+02
3.109931581349710541e+02
5.302469509856063041e+02
1.875852498146212781e+02
4.622009443271415421e+02
-5.915682438631340290e+01
5.998754690098694482e+02
2.748021302748165908e+02
2.188887276461278475e+02
1.852810123830701627e+02
4.913954550019888643e+02
5.326880407044177446e+02
4.802965554988294343e+02
1.665806841470286770e+02
-1.140988776482098501e+02
3.299003187197648117e+02
1.775408280233800440e+02
1.803598909247961330e+02
2.078984282465752074e+02
-3.994521621843981762e+01
-2.210038311074826254e+02
-2.803762707583842939e+01
2.814841498800493014e+02
3.874690676198370625e+02
9.635421056962625244e+02
6.173612296299830859e+02
-2.784679756192906552e+02
3.631521728021301101e+02
5.013091115997972906e+02
8.360162517697722251e+02
1.316168772943088356e+02
-7.254259324858871594e+01
2.769679020628839794e+02
4.841381978952621807e+02
-8.828521779610497333e+01
5.347770143250396586e+02
1.660932168044883284e+01
-2.680726858094548675e+02
5.227092505588203721e+02
-1.603222109557782744e+02
1.244371670958537521e+02
5.092955997769263377e+02
5.822564179712538817e+02
3.641401698956095743e+02
7.893400684935626259e+02
6.558014099979266120e+02
-1.202224605674645517e+02
5.045739568300335236e+02
3.645870404104479121e+02
2.500600828114595799e+02
8.469621971882020262e+02
-2.102098405441097384e+02
2.797645966832224076e+02
2.705735021961625648e+02
2.183846870825780684e+02
6.064151708336089541e+02
1.046425716393843430e+02
3.790507359815528332e+01
-2.607353720488917048e+01
1.423327579203584321e+02
-5.395190745187628067e+01
-6.815790496057073256e+01
3.623785402869457357e+02
5.746927312303315603e+02
1.340922698934648167e+02
3.384003402589989378e+02
-1.539760026985855745e+02
4.234668392843645535e+01
1.166026886022755775e+02
2.673395629538262597e+02
-8.339876453285066304e+01
1.083560466243603599e+02
-2.785613299110841012e+01
2.110244637609829113e+02
4.995590686248553425e+02
6.087800711459431113e+01
2.786530086356197558e+02
-3.669727396974410993e+01
-1.245578642613865696e+02
2.300443480059918784e+02
1.494777510177475790e+02
-8.583912051442256086e+01
1.594795164672275973e+02
8.470041901511948481e+02
-1.828454162935665579e+02
4.896360811204194761e+02
7.772541491287383906e+02
4.832135979608734715e+02
1.321565491119162346e+02
7.385822024164891673e+02
2.093779627105264467e+02
1.495704146691072765e+03
2.958064682126722573e+02
1.088158018889914445e+02
2.959647224095810429e+02
1.767431658939853492e+02
6.786507100172116225e+00
4.222258901578686050e+02
-2.654605119373214848e+02
-5.166012157754845191e+01
-4.105474793269155498e+02
4.547501291570194581e+01
8.587813360617784610e+02
2.472306676205769236e+02
2.294706669892910895e+02
4.441878281051302224e+01
3.399333042962834384e+02
2.340350489228693505e+02
-2.558108142578641662e+02
2.061487389494307081e+02
4.173652380868114733e+02
-9.984283668843012549e+00
-2.036008652185613812e+02
-2.109077973714562404e+02
4.826203132105435429e+02
5.468067630920164675e+02
-1.786244956425776564e+01
4.973035451450776350e+02
-1.885960926747431756e+02
6.412075247380874998e+01
1.490554525822517746e+02
-5.576094557886630554e+00
4.728170946464110216e+02
-1.399131194510810872e+01
4.348624948671742345e+02
3.983702657139683083e+02
4.687784923764596101e+01
1.993236070149542059e+02
-4.456995602577663362e+00
7.250995489234085767e+01
-4.040255010372636235e+01
1.062497299439627341e+02
-8.212631271900852425e+01
8.187722321874341560e+02
3.136581384067626459e+02
3.544178752304258069e+02
2.348203662808410002e+02
2.032714523613074959e+02
1.192530390351233336e+03
7.156924049225399642e+01
6.228018562378699130e+01
2.347598055176087541e+02
3.021020250103747173e+01
4.744652613844563120e+02
1.472660914860355774e+02
4.669059175116606752e+02
6.310802101194867930e+01
2.402311559276197670e+02
2.534673877802781021e+02
-2.008815534422158322e+01
2.959153565795243708e+02
7.130225886051807720e+02
5.239951284736760329e+01
1.658512768230317306e+03
1.712274370366203300e+02
-7.248961391490379924e+01
2.625936099099970420e+02
9.683834195584881854e+01
-6.053837128257278977e+01
-4.597511830475009020e+01
-1.653625344114766449e+02
-1.677574160930057445e+01
1.394939093632820288e+02
7.787386586367509267e+01
1.948422244468960400e+02
1.188937828256930516e+02
1.479077741629579066e+02
3.227279823590293972e+01
-2.108620743763048893e+02
8.605425322703293745e+00
-1.611167568315579786e+02
3.574622510313083126e+02
5.912476505954508639e+02
6.258262550030373177e+02
7.001885662621152733e+02
2.003995629783964887e+02
-1.056991499300782920e+02
5.920538060553075184e+02
7.091264663993064232e+02
2.209812957674377003e+02
-4.239231623784345260e+01
3.945065373314357657e+02
5.607346477591014633e+01
1.202289917472808298e+02
3.550496028557099635e+02
3.810394799291908043e+02
1.806160664122680828e+02
6.422631901086738537e+00
1.167237754284770404e+02
4.082404078713563536e+02
4.834800456468732932e+02
5.987676454744665477e+00
4.450654040355175880e+02
-4.161710195647337684e+01
1.051632513412551191e+02
3.307796427322090267e+02
-1.006905384477462349e+02
1.343251776044184453e+03
2.981425821656354742e+02
4.970467716415101336e+02
-8.092046553890860139e+01
4.299072980462221381e+02
-2.658198746279006173e+02
1.699415922788790851e+02
1.407830285349304233e+02
1.880834148500250365e+02
1.847482023676971039e+02
1.858276114598555182e+02
1.303441547750873326e+02
-2.971320689693946093e+01
8.505345164488851140e+01
2.226563241757973231e+02
3.202986193160657535e+01
1.748363399286886022e+02
2.540838564923416811e+02
-5.547795405125725665e+01
2.325682319748690645e+02
-1.517680981222525247e+02
4.081789448240996308e+02
7.325702379169016467e+02
7.586272089052201864e+02
7.946576542421514944e+01
1.185355972475730653e+02
4.743218658044072811e+01
2.715063894408787064e+02
5.470653859455059091e+02
3.632637800599071056e+02
3.583266397570463369e+02
2.864831146861546927e+02
3.383224935261625888e+01
1.993552397697947072e+02
3.112088315402650665e+02
3.453458662294677879e+02
3.958412618445628084e-01
2.164958424150422189e+01
4.808121956496700022e+02
-1.071713572104583534e+02
5.237499707805011440e+02
2.816355161711861683e+02
-1.471064513782206689e+02
3.843551338516199962e+02
3.718935010775988985e+02
3.674881035857231950e+02
1.468952339025045717e+02
5.019956264783706956e+02
5.057832708952067264e+02
2.645226877493188908e+02
-1.035885609248392214e+01
1.123765339283096409e+01
3.102246249835654908e+02
1.651752795025937814e+02
-7.831186557756538491e+01
-3.852571084616455437e+02
1.097640506372233915e+02
-2.446823693402373010e+02
5.069371925491191178e+02
3.424807915556394278e+02
-3.711792211181688685e+02
1.346639580376522360e+02
-1.125506162861159254e+01
1.063136412490897982e+02
3.545213018723238179e+02
2.332298316517912440e+02
9.511369088580948983e+01
-1.571816824956620451e+02
5.580313723694865757e+02
6.307035412103790577e+02
7.204863006640096046e+00
5.248943933626453600e+02
1.174320453554652488e+02
5.651970521934687497e+01
-3.728535351623477823e+02
-5.687230679317607240e+01
-2.056917396525057029e+02
2.508222561609906336e+02
-1.241948329898404495e+02
2.763465733659954822e+02
1.896998816714819895e+02
-2.630762850616343940e+02
-5.510442955416036739e+02
-9.098256356305742543e+01
-2.190677565107650082e+02
4.269108611431475424e+02
6.616534044825244791e+02
5.292331668250053553e+02
-1.838444947433338825e+02
4.342739642718897812e+02
5.714703201593125641e+02
5.780930976053615495e+02
-2.548092822369568466e+00
3.725333724122421017e+02
3.335905010729012474e+02
-2.639868510955532770e+02
9.312872045754575083e+02
1.960621763137989433e+02
4.960394872065794516e+02
1.048614910968748006e+02
8.582843113823355452e+01
-1.373510295254465348e+02
-2.897914404498737895e+01
5.611695865168898081e+02
2.612144347397190245e+02
3.275983544273795189e+01
6.627628613857052642e+02
-2.238691921748701219e+01
-3.380007676052055388e+01
7.805822258799585711e+01
3.002749293994059485e+02
-1.631274135048972482e+02
-6.563422304020997444e+01
2.361710340948157238e+02
1.353455338072763539e+02
4.974360410083752981e+02
-1.114260061718019017e+02
3.896769064401688638e+02
2.723889215606246808e+02
1.988837107683320085e+02
-1.407102962889677400e+01
2.054470060860222134e+02
4.751198737826573506e+02
3.700657535967208105e+02
4.825793228225342091e+02
4.823732788618680729e+02
-8.454009073887243630e+01
3.120493205252207645e+02
2.155692444504836658e+02
7.899723831964827241e+02
3.629979029733814855e+02
9.087305277999890905e+02
5.699443754465983147e+01
6.241512323125256216e+02
3.074490903449637926e+02
-5.047012934287567276e+01
2.727152067928246879e+02
1.529754785359490938e+02
2.016523551478815648e+02
5.027008844470747562e+01
1.081341110935061351e+02
1.042141562582834467e+03
-2.520776685309430576e+01
2.912454620213577527e+02
6.195012222058728639e+02
4.690331062578453611e+02
-2.444623237784323919e+02
1.432967988695547845e+01
7.645786584624815418e+00
2.275913604982309835e+02
4.156390576013853320e+02
3.477030510089180098e+02
-1.287424372081986519e+02
-4.126504309558247741e+01
-5.876791650169134584e+01
1.004665595366537190e+02
5.722392282582427470e+02
3.323987180079939208e+02
4.025683377696228717e+02
7.926460837076211874e+01
1.274831514016192457e+01
4.286816183739644543e+02
1.678950981529098954e+02
2.440335636283308531e+02
5.018525212758299290e+02
-1.377505039596637744e+02
1.038690504262676768e+02
-6.445637279625800886e+01
-6.137054423769993150e+01
-1.266617946383659472e+02
7.999420972490177064e+02
4.760628145697121454e+02
5.608885654865991910e+01
-1.606942857095652073e+02
1.262178706735135449e+02
1.397330682447840218e+02
1.071744544015552492e+03
2.298282418570270806e+02
5.774575347910330265e+02
5.924404977472969449e+02
-1.765943932005806403e+02
-2.036599587827834057e+01
3.128957006213122440e+02
3.771895867398739597e+02
5.449716602297316967e+02
-1.551343645233715165e+02
-7.046572149835823495e+01
2.518807526042390919e+02
5.233166429896317595e+02
1.647877709105928545e+02
4.559342795800928911e+02
-4.166881322738758513e+02
1.740331594523422893e+02
4.722003564552650232e+02
3.013559618465935728e+02
8.605070874264293934e+01
1.427569274232649121e+01
7.148719220181085348e+02
4.609227451079714797e+02
2.634450617356540079e+02
-1.961306790762251140e+01
2.845874736532691429e+01
5.131983562831895824e+02
1.428442612792705404e+02
4.383406115772076532e+02
1.864643051086908656e+02
2.425262727591108671e+02
5.056465637018454800e+02
4.004410318253183618e+02
3.769783518186656579e+01
5.650152279910653306e+02
-7.337521779451452630e+01
2.419962929181071445e+02
6.953530350956660868e+02
3.455240932807539878e+01
1.824387926376047915e+02
5.005821811202862932e+02
6.536945137963932666e+02
8.246804709955313228e+01
5.667375393962865360e+01
-1.205291913234534604e+02
6.061406152640151959e+02
-5.575299391303502716e+00
9.929419146324060819e+01
-1.404399009630890873e+02
1.398293549525316166e+02
1.098435859821024223e+03
2.485039565515151878e+02
4.437922323720893019e+02
-1.758946393759879356e+02
-1.499931949377691467e+02
4.284479628383128897e+02
3.510061405178758775e+01
1.016430868723742492e+03
3.178804881651804521e+02
5.877585162650045731e+02
2.396158988627749977e+02
5.455495685431385482e+02
1.327280129691739887e+02
4.018141859109036886e+02
3.556644390007268726e+02
7.960629982691794737e+01
4.623871720444738003e+02
-1.491795485982095926e+01
-1.308814983752558305e+02
6.586352882936437254e+02
3.975722354869183164e+02
3.616471002208302252e+02
2.750490092238581497e+01
1.427906787042842893e+02
1.675730746215471072e+02
5.521912512680079317e+02
-7.441534671635895393e+01
3.379370889678211825e+02
1.136716673741451871e+02
2.404642305843286749e+02
3.097872259121779166e+02
6.044549696120596991e+02
6.970672083600036331e+02
-4.496923320826363835e+01
8.381017310063216428e+02
2.914364587171005496e+02
-1.237223863029610698e+02
1.865545859301472262e+02
3.839966404516118246e+02
3.862858172986605041e+02
-9.761036803721658828e+00
1.003190118456728044e+02
1.800526538402184542e+02
-1.758884350562038890e+01
2.939264966783741784e+02
-6.169595260507205126e+01
3.201109167707973029e+02
3.341613156526583452e+02
1.158603844467747024e+02
6.536770223206994501e+01
-2.812435608090808614e+02
-3.921425930994893179e+02
1.654136942815242151e+02
3.125469198211006301e+02
6.842166935028215846e+01
-2.754429206295895938e+02
1.491482682002290971e+02
2.537368961988950957e+02
1.453679070258677939e+02
4.542681102553102050e+02
1.194888063618009966e+01
8.396288525321875795e+02
1.821162701528818104e+02
1.380466909000803639e+02
-4.344685487235530275e+00
-2.017857373303275210e+02
3.233644884707717324e+02
7.054708340001526778e+01
4.203794496145704329e+02
-5.623705112237750825e+01
6.015859837797604115e+01
1.111039143295451765e+02
5.497630494191388379e+02
5.005640754304879465e+02
2.414707543771897917e+02
6.469049936451287977e+02
8.662821414375628137e+01
-1.973642863087737283e+02
1.789527821103279166e+02
3.202344091890323625e+02
3.703808151594132028e+02
9.548396949358323127e+01
-1.246195208312057616e+02
2.527728138693082087e+02
7.399237395388904588e+02
2.354447707651580117e+02
4.443844229697406263e+02
4.312022511793350077e+02
2.422170434771517478e+02
2.278396456655157465e+02
3.340616960561105770e+02
4.552835695048835305e+02
2.314384899522643764e+02
3.929565860044086207e+02
6.431353950238989228e+02
3.280263802377194224e+02
-4.887598604711777739e+01
3.051513034097687296e+02
3.440945818096373614e+02
-2.821308476800458607e+02
1.610131089572658141e+02
3.731335482279641269e+02
-5.428037116353435465e+01
1.704025933735595970e+02
3.307591482138812466e+02
6.533285508152721377e+02
5.946283154511878593e+02
1.755425125430989652e+01
1.946776386088103550e+02
-2.037842235607504051e+02
