5.528400960791001353e+02
4.929429251261850595e+02
-5.027157269436287379e+00
-1.316586243015394473e+02
9.674818732464252662e+02
2.559465487689751484e+01
1.979004914185144912e+02
7.347187988982014986e+02
-3.270858020012869360e+02
4.595136765891382424e+01
1.303055310169020231e+02
4.956130109499515015e+02
5.995172837344489380e+02
2.441290550663800900e+02
1.530338009966240236e+02
1.896792226486755055e+02
1.960735991441264048e+02
8.155738233407735152e+02
5.450679116044141210e+02
7.659292819316505074e+01
-3.328887085996830137e+02
3.114486643066685474e+02
1.890421211353588831e+02
-1.615081842930686662e+01
1.745458688549838371e+02
-2.157491363740135739e+02
1.776101244050405512e+02
3.597736925639243282e+02
8.440519046462177357e+02
5.184398852392665731e+02
3.106961175634734929e+01
-1.754986972606497488e+02
-2.397292206891561079e+02
-1.168003697390986986e+02
-2.710541899580750069e+01
2.784719446321839769e+02
-7.404879815868145698e+00
1.625478930840415615e+02
4.721494002162788775e+02
3.155110063215026983e+01
8.483322124555222388e+01
4.951168090714277810e+02
1.763044533945538035e+02
1.157282232545374200e+03
-8.247855874710757007e+01
7.317336198118776736e+01
-2.648623994142940887e+02
-3.746225512599055918e+01
-2.478283481179997239e+02
3.310795174115817190e+02
2.364272604629923080e+02
5.333040917205747746e+02
2.355120892254933551e+01
6.298819964007904559e-01
7.462844899601111592e+01
5.369911441857722139e+02
2.378729465620843087e+02
5.613803515769119485e+02
2.890510416520017856e+01
4.774498018788968920e+02
1.057163904522721623e+03
5.492020623611390420e+02
-1.620429285730687354e+02
4.383315025276240249e+02
3.826957349821777257e+02
4.705407527584967511e+02
2.600276398941140883e+02
8.182822935280353249e+01
5.975300479972365508e+01
-2.494355465930275955e+02
2.875939356948604200e+02
2.208538539331998436e+02
4.138197909933205665e+01
7.265977067825617723e+02
1.115303941094943241e+01
-2.405924327375108192e+02
3.107552878428815575e+02
3.312664875232869690e+02
8.804396760143939105e+01
-1.385800891720466836e+02
-2.744831867038034261e+02
8.933330230723823888e+02
4.707342488818799211e+02
7.636782099585386732e+02
-1.553470461898797055e+02
-2.228211314099334857e+02
5.447055845645639920e+02
4.612413607083049669e+02
4.038846964044270180e+02
2.492042737676579023e+01
1.473428217386696815e+03
-7.899644874583722753e+01
1.239956355492635609e+01
3.039255795567243013e+02
-4.125771711938525499e+01
2.928941599981062183e+00
4.674327851552283164e+02
2.697830696995502535e+02
-3.923058115458659501e+01
1.096125405110023365e+01
4.414846462723940022e+02
-3.395682232085075043e+02
8.451184672251017673e+02
-8.557946557153742617e+01
-3.808001877414973535e+01
2.306581532101833716e+02
3.878970731808181540e+02
-1.034400147394388227e+02
2.378921442110043074e+02
1.385057047949062223e+02
2.412461790164248043e+02
5.882415412338151555e+02
3.228828662126212521e+02
3.374395949941035724e+02
-6.243644782070974486e+01
-5.217108359238504534e+01
2.692259787233822976e+00
7.951155178418050582e+02
5.506905352098835920e+02
2.503497390726520848e+02
1.069994702396803859e+03
9.595609657440888896e+01
7.942725917069418529e+01
2.644839069982617730e+02
4.736478327588516777e+02
-6.876578628621007283e+01
2.095773087604316132e+01
4.082780272763341145e+02
5.851768597225851636e+02
4.314065915819062411e+02
6.709713636577014313e+02
-1.333717070751397387e+02
3.789556862283865257e+02
6.589879287197481972e+02
1.208085547385196378e+03
-3.046623584709137731e+02
2.482970867928821406e+02
1.796158901730166235e+02
2.879523522838842950e+02
8.141924854294265401e+01
1.006007075721229569e+02
2.898599073907170123e+02
2.360124221714475254e+02
9.572051513354907684e+02
5.713056961456492218e+02
3.331435736934946590e+02
4.627860091328536782e+02
3.287809420375820224e+01
8.876510049809281782e+02
1.935098000421103563e+02
9.947183071566176977e+02
-2.955206281338512895e+02
5.828694750693671267e+02
4.663276729780543519e+02
-3.967462624900205270e+01
-3.417376083953150356e+01
1.279780153798237308e+02
1.400094819318686064e+02
6.357471019409068731e+02
6.671950751018707138e+01
1.098623384716427381e+03
-3.230537616305315396e+01
7.451671997326512837e+02
3.776564684385724036e+02
1.745494562273371173e+02
7.467012988517465146e+02
9.279918667190447650e+02
1.247447343902804050e+03
-6.842741199348964187e+00
-3.776588549607370737e+01
1.048209351113892325e+02
-7.703868772137573728e+01
8.904505394017456865e+02
4.108501629226286127e+02
2.035763533683079629e+02
-2.573898196062828703e+01
1.706589242424100519e+02
-1.128090525087812068e+02
3.729847127382041094e+02
2.547196876622532500e+02
1.189089381079931854e+03
-7.402263851857988186e+00
1.130322074406206241e+02
4.105204559287745951e+02
1.851783812896312043e+02
9.908681378364981640e+01
-1.108864070503060333e+02
-2.374192745090000187e+02
1.174131285908092650e+02
2.255200576204263712e+02
2.192351311365229662e+02
-1.730066128959045670e+02
5.809380740250904864e+02
7.468944244646562538e+02
1.599720524180220309e+02
-3.714975487817778799e+01
1.328089587461428209e+02
1.288644508609601189e+02
1.048776184016103912e+02
1.415341296684628389e+02
1.587133984043786654e+02
4.751506311485161405e+02
4.071471219031020041e+02
4.244911802877967943e+01
2.170927456040738548e+02
5.388939956437559431e+01
5.503411644090406440e+01
1.063416155257059927e+03
1.438055763338281849e+02
3.683237449856161447e+02
5.669905060332318953e+02
-2.273460352880439928e+02
6.763105468658262680e+02
1.409057835952839071e+02
-4.527078291517552771e+02
-1.200717129926648568e+02
7.875494770413504284e+02
2.480538364399627653e+02
-3.771297550096974760e-01
5.161314292049255528e+02
1.340710997110537903e+02
-3.833523959305814799e+00
7.186029677292206088e+02
-1.548916248948409802e+01
3.649425941563279707e+02
3.469089110184365836e+02
2.557142838536318550e+02
-2.062726905362372918e+02
-6.403735498104341559e+02
-2.975353810099282441e+02
3.740353632097147170e+02
-3.236261304358605457e+02
3.315842502526157318e+02
1.707389534327188585e+01
4.093695447489075434e+00
5.491030417849855212e+02
-3.002671011979865767e+01
3.844687644219250160e+02
2.389322481712630122e+02
-9.994403571820937771e+01
4.189577608339098447e+02
1.194922225397752555e+02
4.783852455874301199e+02
1.910049884852805633e+02
4.267347237715657826e+00
7.277342127289410882e+02
5.887609220045101210e+02
2.169788867805264942e+02
5.673116968127533255e+01
-2.434898360426454644e+01
8.116058744160222886e+02
3.860482117542234732e+02
1.869091436915891222e+02
7.452168856569511490e+02
2.178842071525188828e+02
-2.887790601187174389e+01
3.283819770703610743e+02
9.265338195159492329e+01
2.660355443910526319e+01
-6.685290594839568712e+01
1.356599426650295186e+02
2.772826766617665157e+02
2.899650285562438512e+02
3.168307685802395781e+02
4.937528098990104013e+02
3.994978023664580178e+02
1.197951407014318875e+03
4.233766930557017645e+02
7.941731738210553715e+01
1.278702335653689943e+03
4.832737532006411243e+02
-1.345748212770838279e+02
7.726701122102343788e+02
5.858522166370734112e+02
8.322892006366669193e+02
1.713800740236771958e+02
5.666146749877661932e+02
9.695328805499562463e+01
5.370031276685343755e+02
-2.154177787328035265e+01
-1.690792409615595489e+02
3.065146461208225332e+02
5.499013969042910048e+02
-1.685436246256496133e+02
-1.362735861489643980e+02
8.806299162348219056e+01
7.493036962785912181e+01
8.088096986024663693e+02
2.191616006163621080e+02
-1.110003972863151489e+02
3.299033101867003666e+02
4.887860151966708031e+02
6.691897140894401446e+02
-6.132248843460694587e+01
7.026189816322022352e+02
3.123203934878278076e+01
5.520817560989154060e+01
3.499474715670235696e+02
1.384940803859390826e+03
1.220740042580832494e+02
2.725576576953388894e+02
3.200645581135818247e+02
-2.198420411907761007e+01
-2.991937436139893975e+02
2.278652800031579773e-01
2.457022327315420966e+02
1.959812844620451244e+02
-1.758861743431393165e+01
-7.596504918265014794e+01
4.655926862363369310e+02
7.608103732760328057e+02
-3.140385892582765450e+02
1.432530221431206314e+02
3.710643536217870064e+02
2.198380754924563973e+02
3.729425064494756157e+02
8.602534889455968141e+02
-1.096537930558017493e+01
8.444154629660088176e+02
-4.584880814516676537e+02
4.636061186113747681e+02
3.116330629434857542e+02
4.698884724338653882e+02
5.603580018908993452e+02
-2.301580086509255807e+01
5.504215358729192076e+02
3.645175345970629337e+02
1.079092857393805161e+03
1.381900239526540588e+02
2.746581625182308528e+00
5.942548959211259216e+02
1.178486187307660344e+02
2.274607529650796778e+02
2.607935888547773970e+02
2.424155904262851209e+02
1.375898833407350423e+02
2.133649889868243008e+02
-2.486512202162808904e+01
6.279489834483450750e+02
2.302685989365390924e+02
9.478487652969468513e+01
7.232718374959217726e+02
1.059908328368073427e+01
3.112211490591715233e+02
6.180260971938188277e+02
9.604540790998214561e+01
4.186926174220606072e+02
5.198879052454952898e+02
1.093539334705652379e+02
-3.191583975486407212e+02
3.617425106790571476e+02
2.003623494004065435e+02
1.388359097402488942e+02
8.468301039301613855e+02
4.346559212693484824e+02
6.462319121713859431e+02
4.876686228014976905e+02
-2.619875886121049007e+02
5.286320153306234033e+02
6.016314277362818075e+02
2.552144187560966770e+02
5.918348621553469684e+02
6.041564113185445422e+02
4.170383314959103132e+02
3.649405236742493344e+02
2.294263362769839176e+01
1.990907387284721892e+02
2.111403472396508789e+02
2.130686579322634202e+02
1.923331408876386490e+02
5.015653494709022198e+01
2.385223345645762549e+00
4.517383469003781329e+02
-1.249239355649222034e+02
5.106132087689054515e+02
2.764611349571566166e+02
-3.649280450238969706e+02
1.370510497306748903e+02
1.043120413550582981e+02
1.019587835519692703e+03
7.972666387748997749e+02
5.075358631242080776e+01
6.178515939638559757e+02
3.274217629830083069e+02
1.121985920904053046e+03
2.097581078518410038e+02
3.747253136478918805e+02
-4.579000676239917311e+01
-1.024953174356006116e+02
5.595693666229623204e+02
2.903452726205437102e+02
8.107662591898106257e+02
-1.393757185911823626e+02
7.519759022350702935e+02
1.321009736248426805e+02
1.172187964968422733e+02
2.968610853380436083e+02
8.424470483387857200e+01
4.808599857371681310e+02
-7.864884686546960779e+01
2.311723418677499353e+02
4.021977834767224635e+02
7.195641586459738619e+02
6.009631062174092904e+02
1.076257375820657671e+02
-2.000371644747890088e+01
-1.001768431150019723e+02
2.844436564932725560e+02
4.746746134724832586e+02
-2.072050966789031889e+01
1.174967946368812193e+02
5.224312142516756694e+02
-1.865904042491803523e+02
2.771046550349204267e+02
-1.382574437824077052e+02
8.897340820708949423e+02
3.728094616495462219e+02
-2.041775966123105093e+02
7.279296464206596511e+02
1.698481668181843816e+02
7.362297916002406737e+02
1.741285232983775586e+02
1.230368257691598188e+02
3.248536342042953038e+02
5.181951401765008995e+02
2.671493228526263692e+02
1.843163050507561138e+02
9.847663814036554868e+02
-4.472386706752330099e+01
2.364020485859460337e+02
1.848369758968912322e+02
2.495376864623092672e+02
2.204198455203400187e+00
2.528693547550926439e+02
3.085096086839632221e+02
8.463938758844910808e+02
8.776784028722430548e+02
8.646047806844143224e+01
1.849399335093018522e+02
-9.885111068116891886e+00
3.217072575251044668e+02
4.127984237663503677e+02
-2.044325846125809392e+02
5.017689481480907716e+02
-1.064744740586548204e+02
4.680441876896095437e+02
8.007366369339163157e+02
1.138028712259543340e+01
2.212547549992147822e+02
7.830320967796889136e+02
-1.321300879741233416e+02
7.232015654713986805e+02
1.038948594439850012e+03
2.873829620326654890e+02
2.629325799851254715e+02
3.718110286887797997e+02
1.313818477607482009e+03
-3.738731480854264646e+02
-3.286727023366706248e+02
7.117504839686675950e+02
3.134571494748858527e+02
5.260776834140968958e+02
1.288044290310408257e+02
1.458575830228553798e+02
7.401262398348055740e+02
5.718378876170693275e+02
5.359177157774032594e+02
1.368946303543864587e+03
-1.255310611418779843e+02
-2.883997439749270342e+01
2.633765331681117345e+02
-1.175543880923254392e+02
8.891880586329324387e+01
1.635395760400274696e+02
1.668549368083671197e+03
1.561644770259905499e+02
7.197810664353079346e+01
-2.607528630781234824e+02
8.059702156380069482e+02
6.711626957061173471e+02
1.514804347341058701e+02
1.622851239452521099e+01
2.151358540731834808e+02
4.880566316680024102e+02
6.304188107801608112e+02
2.230707533614477995e+02
9.152797939130093141e+01
6.890779606876105845e+01
-2.484007190751577099e+01
2.648474465616983409e+01
-3.397118296354669837e+02
1.259275390352829902e+02
5.794101774140955285e+01
1.027796785077487584e+03
3.879677923223764537e+02
-2.571184532731254535e+02
-1.998194362511098632e+01
2.320503058932001750e+02
4.281565949695284417e+02
-3.016094641254345561e+02
2.575010726531028240e+02
2.312493168015805622e+00
1.968783713275505320e+01
2.416858977566560043e+02
7.347210566265105172e+02
9.569666624405831499e+02
7.104003596756440402e+02
7.330872249631779596e+02
-3.467472343730428008e+00
7.187799701969210275e+01
4.139724745969522246e+02
3.947621138202038082e+02
7.701722759903498172e+01
-1.418506383212104893e+01
1.192912105090121486e+03
7.889454733013641317e+02
1.114842113846375753e+02
7.511729973777802343e+02
-4.826442821250795845e+01
-7.815769338831159985e+01
3.277532150851698702e+02
1.708730492557966159e+02
3.224051576932561716e+02
3.979583674722578621e+02
3.408676377019746155e+02
2.162803987024913113e+02
7.986814913258851334e+01
4.718350988277335887e+02
3.905991349352932502e+02
4.240391778459204488e+02
2.594827607568059875e+02
-2.520306706634073635e+02
2.434725878756364921e+02
3.457398450249419284e+02
7.480457870107806002e+02
2.873247510622388745e+02
2.456235230579087414e+01
4.912885843789775890e+02
8.396416611900465341e+02
1.560884361298682848e+02
-2.602809068650934421e+00
5.292754151403193674e+01
9.377880617386117024e+01
1.499066712418303666e+02
1.308296947979707454e+02
6.923355648588596978e+02
1.824413360838205733e+01
2.648480477873305290e+02
2.307215134607899643e+02
-2.647687191040240151e+01
-6.992935160073747625e+01
-6.961536212363304799e+01
5.555271307513991133e+02
9.107795849042018688e+01
4.114898517278321606e+02
7.394738654262364435e+02
8.151375110380292881e+02
-1.932925118678274430e+02
6.377568841693730519e+02
1.175384900500419462e+03
2.868860897467094446e+02
3.466199812009867287e+02
2.241852987148878924e+02
2.966472289145734180e+02
3.867068159438102839e+02
2.603368811304159181e+02
-1.832861537309938171e+01
-1.627197309221525074e+02
1.149157500158427410e+03
2.226539025123827855e+02
1.339208197115675034e+02
-1.078833619003659692e+02
2.907632720565402451e+02
5.690212798466448021e+02
6.684325483828166625e+01
8.053582080325387551e+02
5.322533845256846234e+02
-1.856191721831576444e+02
2.089211012188795848e+02
-1.429693621656867890e+02
5.188637815850032666e+02
5.601376024562866860e+02
-4.318600961058655798e+02
1.787806104226097759e+01
3.600610931179004410e+02
6.034145563180244380e+02
-2.526178201299985915e+02
2.901688680309637789e+02
2.538541668593465488e+02
2.907485599209540794e+01
8.657340599370738232e+01
-3.077583015217671232e+02
5.077513379199332917e+02
6.016179044427465215e+02
-2.446578412234963764e+02
3.408396443661029025e+02
-1.561131049513501523e+02
2.229811402842161954e+02
2.117365625124698170e+02
3.552614610848407324e+02
1.565252353755207366e+02
3.590853042888226128e+02
6.320785009931826153e+02
7.548861124670145273e+02
4.512028723305851940e+02
-2.521416590477819568e+02
3.637245605153004817e+02
2.739025174310087323e+02
2.513185777819956002e+02
-1.612141466740744420e+02
2.728014612416346836e+02
-1.751702929369666890e+02
5.103589338468131587e+02
-3.590005734267711546e+01
2.675305581602698908e+02
2.630460487474605884e+02
6.170224772802918096e+02
-5.457952925289927038e+00
6.688590866251481657e+02
2.712715609228841913e+02
-4.052114123599895379e+01
1.515287405505042102e+02
4.197987726039533527e+02
3.798210433116425406e+02
1.044781991273055155e+02
3.744218435043402451e+02
1.354832144321155170e+02
-8.540460596463856291e+01
-1.816904554516739552e+02
8.162292021557649946e+01
-4.531108668625950600e+02
1.325975208204888531e+02
-2.609808233911576281e+02
2.224877144354492771e+02
3.715838975444704602e+02
3.985892630292494232e+02
-5.574903972864055959e+02
-1.541207863326121128e+02
6.920792794170114348e+01
-2.157661476286062339e+02
3.474365569493805310e+02
2.953504351052509378e+02
4.664660831240634309e+01
-1.197015035132810112e+02
1.437672626800054445e+02
1.486888814350780308e+02
-5.987780670104110641e+02
1.192512315066104520e+03
5.651147373194061174e+02
3.945065594896914263e+01
7.563163924254490666e+01
3.300808720505200995e+02
2.677163347886640281e+02
4.398462042226859694e+02
9.904388795684764091e+02
-1.096513013906240275e+02
6.701769308692336153e+02
4.327908973713626040e+00
3.711944339531943911e+02
-1.768279902660899268e+02
6.890237260293456529e+02
1.746125468689033085e+02
2.613711040098030480e+01
1.488200757347629519e+02
3.412405934141551143e+02
1.134152475723629777e+03
2.022652791715057674e+02
-2.028597338257190756e+02
5.955712387242676868e+02
1.868514745028983555e+02
-5.850006128098996783e-01
-2.562806361219366025e+01
1.730713259858530364e+02
4.107093159150742281e+02
-2.345763856412283133e+02
3.341245071395878767e+02
-2.381477322325933130e+02
-7.276686106003913324e+01
2.460757183237468269e+02
-5.726308413824785930e+02
-6.802077587121083013e+01
-1.770948208885481563e+02
9.177921119493212245e+02
2.715825193746089212e+02
2.424250542587112136e+02
3.335454483546551501e+02
3.635217182937717553e+02
3.923182276474926198e+02
-3.846640253065173738e+02
4.394184324915201501e+01
7.389481001404343488e+02
2.460878369105594459e+02
2.476340237391995061e+02
6.679358604853544534e+01
1.346171128210152801e+03
-9.328594022483758863e+01
-2.738253710197857913e+02
3.295378462322024689e+02
2.206452768333479355e+02
4.827552223173515245e+01
9.212454510944938875e+02
1.036588074497763273e+03
1.788036157441726459e+02
5.831447894991953262e+01
1.396538941335527397e+03
-4.141088878789721548e+02
1.240746538247981903e+02
3.340988702674027309e+02
3.017369710012895325e+02
4.889919842795622884e+01
3.874917052269788087e+01
2.077898936207670602e+02
4.870933739730710386e+02
-5.070769219402431531e+02
4.374275146639439527e+02
3.977383835501817657e+02
3.536613622849519061e+02
6.112011327281254580e+02
3.946108775623863494e+02
4.866039017925149324e+02
-3.200524813060454790e+02
4.985253556404645110e+02
-9.133761422210267256e+02
2.307804244105916780e+02
2.732388825920720592e+02
1.208793956461311723e+02
3.867351739987811925e+02
4.387211606017318672e+02
3.082907114786773946e+02
4.515107663313006015e+02
3.973300319133631433e+02
1.686839503416680657e+02
2.721330854399221266e+02
1.473094275053202864e+02
4.627051851549932167e+02
2.849750654774745158e+02
3.123178014574589270e+02
4.761124197570843535e+02
-9.768013439892943950e+01
-1.206513707146132788e+02
3.523823629366130206e+01
-4.976249198996309531e+01
2.620227995472224620e+02
7.227140811570812957e+02
1.711762618779796341e+01
-7.714583305778791100e+01
2.608391038788775518e+02
3.296572001321273433e+02
9.300180135690766292e+02
9.984419476062752210e+02
-6.192245877291384204e+02
1.327787234324418932e+02
6.360285214126749906e+02
-5.725926130169727202e+01
2.801283924410765280e+02
-7.094290970431605103e+01
-3.893587325056635677e+02
-2.802642166441155496e+02
-2.244747083920123600e+02
4.493873723138824516e+01
-1.999442346309173786e+02
1.353975258160970156e+02
6.315290101381730210e+02
4.121754321553956402e+02
4.352156282319488128e+02
6.236092841122583650e+02
-5.393897358703421929e+01
2.309636641310450216e+02
1.815383657955089234e+02
3.090740043689824006e+02
3.118123699927240295e+02
-2.515204995163222463e+02
8.522401021341647720e+02
5.351123771662338413e+02
-2.003289523669592995e+02
2.577426206300598324e+02
1.089769343208319086e+01
7.646944887496034653e+02
8.135616172453613899e+02
-4.671101860143521378e+01
8.622689944585198418e+01
4.313786329054675548e+02
4.494675641509829234e+01
1.277002895281838732e+02
4.251549627751943490e+02
4.835709258950031426e+02
1.040195625548900580e+03
4.803669192276293387e+01
7.318744138848005605e+02
1.928946682760834719e+01
4.327351181676615397e+02
5.389955368494624111e+01
7.626926157058613853e+02
2.234707275106833322e+02
1.544838656641194632e+02
1.263143946842589713e+02
1.584001733080013992e+02
1.458546177252025018e+02
3.945906355642841845e+02
-1.065250193807763139e+02
1.064384015914261283e+02
1.756411169094717479e+03
-2.272671259670763675e+02
4.864184903696871629e+02
1.150137846985521946e+03
5.979639940933674325e+02
2.618414690985759989e+02
1.747234281652193317e+02
3.312528693634020556e+02
-8.116214573623230422e+01
4.239301733322890300e+02
2.604849737494791384e+02
1.562484501163292236e+02
1.300560863497921673e+02
6.958361941911719839e+01
1.075453397773531151e+03
3.722600858554796446e+02
-2.690636171726620205e+02
8.392499899077093914e+02
5.183715859866672417e+02
3.103402502385554840e+02
8.372366903789612991e+01
2.448721834835270670e+02
1.510156968465532543e+02
8.969435181610836025e+02
2.700477975183584931e+02
3.132289150579840680e+02
-8.362457303153405519e+01
3.449209333395558588e+02
1.712520320518079870e+02
8.972981978545223569e+01
4.929008614331635272e+02
7.880917922602642989e+01
3.072270331863037427e+02
2.966163989270409616e+02
4.012652018686131328e+02
1.925695002724936558e+02
-6.712175606551156193e+01
3.084204177104857081e+02
1.258355725790569863e+02
-4.604516297439968753e+01
-1.903340883559637575e+02
5.351085326249145737e+02
9.663438073631569978e+02
-1.131584662642190864e+02
3.341498007221655797e+00
4.906574718305230363e+02
4.872641911777644737e+02
1.342302072715221470e+02
4.907035399897219463e+02
4.090701169161668815e+00
-2.774046679874339247e+02
3.151309335408607808e+02
3.550513732272072502e+02
8.035135888682433460e+02
4.389467869198807080e+02
6.263712214630294284e+02
-3.232244991908915495e+02
7.485883260328002962e+02
-2.006914690010279045e+01
-3.221574127901216116e+02
-6.958340350393744700e+01
6.143407105349453445e+00
2.092860733373205164e+02
6.703611018579055099e+02
4.936697801925989779e+02
8.945669148817348741e+02
8.058781046511941781e+01
2.904696990721182033e+02
-1.882517628418192999e+02
2.153651991007428137e+02
4.335251187665950852e+02
1.061885054604428660e+03
2.648590310649676667e+02
7.112069720756301194e+01
4.799888508416440800e+02
7.504352726424974662e+02
2.933793383380307773e+02
6.067348061566291335e+02
4.225055900287039634e+01
2.269724314323517831e+02
3.590161989704857888e+02
-3.356116970949866527e+02
-6.619970367876840101e+01
3.593958218496466088e+02
-1.193323255546252568e+02
3.839279878164147135e+02
2.851597389271295810e+02
3.659137170544508990e+02
1.642859151797094057e+02
3.235726600308602201e+02
9.749978052434930476e+01
4.576448807079553660e+01
4.791651063529064913e+02
-1.576254850495536459e+02
-2.342795360243456742e+02
2.944506799451489769e+02
-2.668960962942885118e+01
-9.880843154427049058e+01
-6.166417006084616048e+01
9.415886125885930369e+01
5.342701353843373226e+02
-1.823124028551978029e+02
4.569347128424540188e+02
1.115186517880960224e+02
5.159041453828223212e+00
1.798181056328489831e+02
-2.555881150420269989e+02
4.089908356533561573e+02
-2.422820144199392871e+02
-4.321255404453689266e+02
2.312647374629224259e+02
2.315159694192584823e+02
9.021725943367513310e+02
2.666008620840815411e+02
3.514375727329180563e+02
3.813971017836452688e+02
2.044806030614404904e+02
1.775326170915931812e+02
-2.921766313883960464e+01
2.284171999365750878e+02
4.299074681691196247e+02
-9.175373125455354284e+01
1.026415042366592729e+02
2.839564419549054719e+02
-1.716078915828425693e+02
-2.080540157038450673e+02
-8.389712784985199789e+00
5.153081528953781998e+01
5.043469617675521022e+02
-4.523215818848623826e+01
3.528873130450739950e+02
8.884509300061464501e+02
1.246394177447352604e+03
7.898077851261150499e+02
1.621942638632119156e+02
7.078170402948608171e+02
1.999176979046499127e+02
-3.352053092885139307e+01
2.275178504968255311e+02
-1.404865484085651701e+02
3.164885271820329535e+02
-7.979975382871867851e+01
1.276722900317898279e+01
1.644539701821960875e+02
-1.425244417941890163e+02
6.418894939746710406e+02
4.354382425142339343e+02
7.471139027359628244e+02
6.117171846636308601e+02
2.166932589051597802e+02
4.718061470276420550e+02
4.593873743317790570e+01
-1.693131961899518387e+02
-1.309928896486019312e+02
1.679856461883616419e+02
-1.665759032707098299e+02
3.155777230106852471e+02
1.800819833114389326e+02
1.316162789724073718e+02
2.272640325427424273e+02
4.981983217720892299e+02
4.145026827293153815e+02
3.727089061304482698e-01
3.535494813864166872e+02
6.370487519507348679e+02
1.209459776499567027e+02
7.300505407530604316e+02
3.785891889293411054e+02
6.435821102343915072e+02
9.361612806023998701e+02
-2.104763681071948724e+02
8.950230317445733874e+01
4.068590368346883110e+02
-1.241698612522764620e+02
3.107467907069063813e+02
1.969433158332880041e+01
7.944538820900291967e+02
6.561731800239804215e+02
5.994535583247745762e+02
3.551137985721715609e+02
3.138394263606191998e+02
3.543624865644530928e+02
2.136117777304324932e+02
-2.870562333350652580e+02
2.057900254255710024e+02
3.739679856831716620e+02
6.712381781760809645e+02
3.132643562880011956e+01
7.850656360405112082e+02
5.015812121685813736e+02
8.402596362451992036e+02
-9.932660981496798769e+00
3.411277832645826606e+02
-7.110185172212237603e+01
2.062006788218043027e+02
4.331389463612891859e+02
3.762978479366737474e+02
2.697401214919794938e+02
1.192120780391277322e+02
