-4.241713124855272099e+02
2.250544663788436424e+02
1.790159887409071757e+02
3.759443992503007053e+02
1.578872213594494269e+02
7.156010608475783101e+02
1.281470178175020465e+03
5.118627858158747017e+02
1.888609179926029356e+02
-2.541953534538523911e+02
1.950685825984806456e+02
2.843017796120017238e+02
7.179845702225044306e+02
6.074392071409656637e+02
-8.744053696423144117e+01
3.790170012469518497e+02
4.271987334126644669e+02
8.550488221378153639e+02
6.357372848708768061e+02
4.320341285641402465e+02
2.630106349567157622e+02
3.499615304818286745e+02
3.368231844302053446e+01
6.931324497224215975e+01
5.776988339289665646e+02
4.358143777996942845e+02
-3.089728981842073097e+01
5.973613897777989905e+02
2.941104509411015329e+02
-9.459482612218651809e+01
6.689951928944529413e+01
5.748729551450722965e+02
-4.518287486877289894e+01
7.118287506916436769e+01
-7.915350097659113260e+01
7.527468813139114445e+01
5.399471293322615395e+01
2.604285592666382172e+02
-1.694396255220867147e+02
1.711248309367688023e+02
4.493999700290876262e+02
2.909743272834451773e+02
-1.894668043653645384e+00
1.029191617447718727e+03
7.482964267360715382e+01
2.852447653888355035e+02
-9.123182503876569172e+01
-1.084651728286538770e+02
5.845163081518571744e+02
1.872430573155451938e+01
-2.018923857226607765e+02
5.992583005054538035e+02
7.733772861106632490e+02
5.628852056875889502e+02
2.475290475318527115e+02
1.929955282925889151e+02
4.712734474368912174e+02
5.285649360431332298e+02
4.829326044262562050e+02
2.636731645783590920e+02
1.593076378798695458e+01
1.890451089389830841e+01
3.869004895078446680e+02
-1.062904357994472235e+02
4.427246340646773888e+02
1.201194352710649440e+02
6.695582694263880512e+02
5.015873128240595520e+02
3.854804811436552541e+02
6.959612072056677334e+02
5.438798967870248191e+00
-7.607085265779988958e+01
5.329028423159817294e+02
4.569453002871128433e+02
5.284048361440558210e+02
2.585704883879283216e+02
-6.413432809882277752e+01
7.530634463577224551e+02
-1.301702037944609458e+02
1.836449635713447321e+02
3.486413329455567691e+02
-6.894130234810847924e+01
-5.915583507936075591e+01
-3.078121877808250133e+02
2.916934253422936081e+02
-1.369366144392137699e+02
-3.995627083110276772e+02
2.990159275954177929e+02
1.152529661339550103e+03
4.805299267852381035e+02
-5.652798807273241266e+01
-4.201242237442008332e+02
-4.866240691093143056e+01
5.915129033044267999e+02
-1.755963252056249857e+01
4.584653143684843712e+02
-4.124920737735951661e+02
4.506583973766272493e+02
-1.474038631147716956e+02
2.843277619083173704e+02
1.335995741571549331e+02
1.888613716118491936e+02
-9.840756386385024257e+00
-1.632294603804434132e+02
5.194232172279318860e+01
1.446499603113376793e+02
1.982881588618672879e+02
9.114688499052438431e+01
4.588299426495987063e+02
5.346630887352202990e+02
5.790535510919642093e+02
2.742459610838787398e+02
1.472765501191078386e+02
4.771758193708736826e+02
2.284882620760208169e+02
2.443018390320259314e+01
5.484971081612229682e+02
2.215635852558336012e+02
3.414019432769682112e+02
2.746176429360438576e+01
1.474047913176898419e+02
1.515686859372826234e+02
6.588518923417525741e+01
6.263935550704161415e+02
9.855922035501889695e+02
-3.678296861559858826e+02
3.665723663302323985e+02
5.734741101810778900e+02
-1.051420247375392449e+02
1.089987229271264368e+03
2.127899910287985676e+02
9.591326421698339573e+02
4.858349444495963780e+02
4.827706402634151317e+01
3.292679809486596127e+02
4.039662516324535204e+02
3.582682058631974655e+02
2.558897020398744360e+01
7.710453620799883367e+01
1.182935705661718515e+02
1.034755073289150573e+02
1.305430653260016811e+02
5.371064236587800451e+02
-3.499655632842724344e+02
-4.190096908795779740e+01
2.817656975802843817e+02
2.809563772970552691e+02
6.291361259762335294e+02
3.858404623127995592e+02
1.116763103074509615e+02
2.895547173223081359e+02
4.373162520261498116e+02
1.827618090960066866e+02
4.745594742749628381e+02
2.768460454121795919e+02
-2.242380397631763458e+02
4.031647561853318962e+02
1.060831465734520179e+03
1.361452894054050375e+02
2.673744410716134325e+02
1.280812715868692351e+02
-5.706200952503638035e+01
6.957622855626226510e+01
2.061814925114359198e+02
7.914763588468929356e+00
4.061820919034967119e+02
2.946835760190431586e-01
2.499903854710046289e+02
9.565584115850310809e+01
-2.120126694142297197e+02
9.223691751293938523e+02
2.370312811656436338e+02
2.858530446180841977e+02
-8.238132910088798155e+01
2.194732563579469797e+02
5.286230417509486870e+02
2.177357719871121162e+02
2.318172849976338625e+02
3.129520839710383484e+02
8.203088620430822857e+02
6.314067680658625932e+02
5.163121417918752059e+02
1.289001286043748848e+02
1.756414811879339481e+02
2.773790378333650608e+00
-7.349455188701382724e+01
4.052101492085197378e+02
7.597333264564819046e+02
2.292550114324041033e+02
9.145447649882254382e+01
-1.246771155286233466e+02
6.709207174040025166e+02
2.750235526068042873e+02
5.313702580858254976e-01
-1.012536080164132244e+02
1.368124273322864894e+02
3.960254685619621000e+02
3.138070509050207875e+02
1.934189341682477163e+02
6.163258004258680245e+01
-1.135767524928857881e+02
3.368211605367951051e+02
3.307067800929032160e+02
5.768479014352652712e+02
4.617235559202530339e+02
1.014174892745319084e+03
3.455083958500128460e+02
3.546781765931739301e+02
2.801260999899386093e+02
3.075369863080063055e+02
9.066901902774702648e+02
1.333406908060929084e+02
-1.761396388310291172e+02
1.170497043187787227e+02
4.571496791938852056e+01
3.868736896316514162e+02
3.271043133637663800e+02
1.199847591594713322e+03
9.599632154312676846e+01
-3.945505368544877456e+02
4.118435045053235513e+02
2.889362063016127422e+02
-2.034609865599858836e+02
1.891418671455763842e+02
2.819843185066449678e+02
2.852623854879602661e+01
-3.207556207575753149e+01
7.307560783376693507e+02
9.950409996023098529e+02
9.106096933583469308e+02
-1.852616207250486866e+02
3.420677986040593623e+02
9.902677684457515284e+01
7.148757019303101288e+02
1.636048699376196680e+02
-1.081859913078488944e-01
1.224403917431708919e+02
2.428142859495634696e+02
7.487948893143827718e+02
6.314126425418616009e+02
6.587558644980499594e+02
5.724182968039982597e+02
-2.719351368189688856e+02
9.301561108214757496e+02
7.662226810483786039e+02
2.330172411275770514e+02
6.890067519207863143e+02
-1.411260916915101120e+02
3.053569594995250895e+02
2.157678129012880959e+02
2.510652384831674624e+02
2.021679954819375666e+02
4.074562671371573401e+02
1.059169618671480180e+02
3.741546550148129313e+01
2.520767381113307124e+02
5.980672495625847205e+02
6.781902721440472988e+02
7.309351834734958402e+02
1.751911232519320265e+02
1.665103467773722343e+02
8.616075169142283130e+02
1.958764878492360708e+02
6.957799071085743208e+02
4.708419740357746264e+02
1.079600235816077571e+02
3.121656011909934136e+02
1.898673361827760431e+01
6.859485878089735706e+02
5.203794429297770421e+02
-9.326381879471148295e+01
2.906508119884148300e+02
3.354777696276360643e+02
-2.825355249458348794e+01
3.906680732562577987e+02
-2.794609550052431928e+02
-1.343362242757394540e+02
2.197775303476560111e+02
5.801004621059248620e+02
4.625085425129056489e+02
6.974144069369735917e+02
-1.407045086910439977e+02
3.759476543508320390e+00
6.713389033321273018e+02
-2.333301885866090402e+02
4.093647855990065523e+02
1.908326784123819664e+02
6.435379702919117335e+02
5.663041838274774591e+02
5.992009878868900614e+02
9.403043474634306165e+01
1.645073878973051933e+02
1.757175106880490389e+01
4.948351353772284256e+01
4.419143330012756223e+02
4.907432053175057263e+02
6.030202270618538307e+01
2.208434109060877972e+02
4.471841668168289630e+02
2.914064454914299631e+02
-2.673097081528630383e+02
6.201929625474415388e+02
-2.858594148756088060e+01
-5.694175132861239490e+02
-3.403801062012094008e+02
1.182651105957306754e+03
-3.654482501221913537e+00
-1.095120445633951931e+02
-2.510431262079690384e+02
5.761101960811079152e+02
3.268527086709920013e+02
-3.094583721744367466e+01
-4.439683331158356623e+02
2.648914497675705206e+02
7.349359833473474737e+02
4.840282247548777264e+02
2.170754655097586578e+02
3.103895912937443313e+02
1.755761530327671096e+02
1.841512040964319112e+02
3.389343790191760490e+02
2.255084804886748202e+02
2.543776644224998051e+02
1.214115261319147123e+02
-1.325307249307408313e+02
5.600181638822798504e+02
3.459993368608832611e+02
-9.615863194561353566e+01
7.911313614585959613e+02
3.713401128899129731e+02
6.909090089144724516e+02
1.051980466366693889e+01
2.995973955362754850e+02
3.273491428666036427e+02
9.737921057838423167e+01
5.633505967322108745e+02
3.075152843687163795e+02
3.092499180444260674e+02
3.971012622924434936e+02
-6.024024943103368912e+01
-1.093522044216518765e+02
8.797642069116426455e+01
2.700142088824641746e+02
-2.062894888311740615e+01
3.197965801274598334e+02
-1.898893779063919851e+02
9.726717120273232808e+01
1.412675529641946355e+02
-5.145744921009118400e+01
-9.157922502572333201e+01
4.457263912410956550e+02
1.619203403627283251e+02
4.019814745005750751e+02
4.065340803191901387e+02
-6.415437557147183156e+01
6.816386404560565779e+02
2.113157346713081779e+02
-2.133185930281878484e+02
-2.150445946667986874e+01
2.908165115072617368e+02
6.270526707612467590e+02
2.055114391352235259e+02
3.810174264123527905e+02
7.560727065465252394e+01
3.166177262038946765e+02
5.145008803731797116e+02
-9.062797302562086088e+01
6.656545976439078913e+02
3.910143186658362993e+02
-2.005417902126238232e+02
9.116083094000674691e+01
3.145187416731671988e+02
6.506016673521041582e+01
3.244730881445013893e+01
7.707899092389111217e+01
-1.178333405033590253e+02
-1.306032405522513500e+02
-1.993566969273538234e+02
1.301584690593717255e+02
5.144348552010042113e+02
3.561937521219141445e+02
-3.386029554898063907e+02
3.274186365585119347e+02
-1.756763469942204665e+02
1.210204421019753340e+00
3.142599993351664622e+01
1.193575552600521945e+02
4.468900313640126001e+02
2.891546378555206047e+02
2.760960579591293822e+02
2.783802085301982743e+02
-8.124053099519690591e+01
3.983808686290474839e+02
5.620973155727592712e+02
8.056788246068809940e+02
1.678215451641438563e+02
-4.946252542468976685e+02
4.239039990537826839e+02
6.715797434522637559e+02
6.670786955805787102e+02
6.535078946181394599e+01
9.793023954488301541e+00
6.335492688519888134e+02
2.989066698591007309e+01
4.446643817886986483e+01
7.239414237714787248e+01
8.387516412134662005e+02
8.366297835487546308e+02
3.370871408169054462e+02
1.725437748125909820e+02
2.964495114961084710e+02
3.134306545943555022e+01
-4.184200243979217504e+01
-5.253688070065926041e+01
4.375114022027482292e+02
3.060845400812356729e+02
6.307948751909680141e+02
-7.102314988938616125e+01
6.081522154102850664e+02
2.741202338232928355e+02
4.730851134573837271e+02
2.647858069185452905e+02
6.182519993038906136e+01
4.887791461325796263e+02
2.481465821332057544e+02
-1.783014319375809009e+02
1.590349261419337950e+02
5.518079991740429477e+02
2.920741678965185883e+02
2.294739271325471464e+02
-9.488451842531401326e+01
-1.015765710342656973e+02
5.022748361920541527e+00
-1.267701224080344815e+02
4.115756102753629193e+02
3.826139785813296612e+00
3.964816546677091651e+02
-6.476259667165018641e+01
-4.052446623588595003e+02
7.837347125958368679e+02
1.155160876165961383e+02
-1.310007210335368910e+01
5.888816128338738736e+02
-4.623264999324286606e+01
9.793096386931516406e+01
-1.585525488245968120e+02
-1.900442134043286160e+02
9.615145559636097232e+02
4.897982653491134215e+02
5.080411471830044547e+02
-1.447033270007015062e+02
4.487542979720632843e+02
9.775497428254193437e+02
4.870642041208184878e+02
1.753794894109170173e+02
3.727846003755018387e+02
-3.099541256495202646e+01
1.071569840379023475e+01
9.364785989757269817e+02
3.300963816403713622e+02
1.389098045698903832e+02
2.884871711774690439e+01
3.322256790351484028e+02
1.472186425957521351e+03
2.649060915846536801e+01
1.213977753609927731e+03
1.126225602872877687e+02
1.515134438464144750e+00
7.895302748134666899e+02
3.087820556959915734e+02
4.586262374974104432e+02
4.654919947737083419e+01
1.228766976566708991e+02
1.009633163019635617e+03
-4.524563587411254844e+02
-1.522063857932851931e+02
3.181417531639330036e+02
1.515533303496104054e+02
-1.936617419162790554e+01
5.768759824293396150e+02
7.763088626704451656e+00
3.464076472588029674e+02
4.694538339646187097e+01
1.193920822166693654e+02
5.979743297581105566e+01
9.868018884376830613e+01
3.558663462344334789e+02
3.373297106562316117e+01
-8.335011102565310637e+01
6.388245850402690849e+02
-2.076495187276184993e+02
7.913247861345075762e+01
-2.103697308350031960e+02
6.143982324348229440e-02
-8.408826582816681139e+01
3.428828535982384551e+02
3.538906410562874498e+02
6.506219480341642338e+02
2.704059920551307528e+02
4.941519013997220213e+02
9.685393342850937870e+02
8.650852476545767900e+01
1.173128626634245393e+03
2.504652083061021983e+02
2.345053344875665289e+02
2.235179919988549671e+02
4.933294694430175014e+02
2.219107094808341003e+02
-5.057936972902228945e+02
1.178813716006547736e+02
4.481268219705077627e+02
1.982586119105888827e+02
8.010114484448226904e+02
7.088026088061382097e+02
4.325208978901341652e+02
-3.488043808093753455e+02
2.474415749495097998e+02
1.818634826438113237e+02
6.835320894982463642e+02
-1.789594208309167698e+02
-5.583643973601236894e+02
2.777783952258090494e+02
-5.628856590040788177e+01
3.714846699152879523e+02
3.029027049209458937e+02
7.584689934913628804e+02
4.444077312608488342e+02
6.073856766392291320e+02
1.176896121445252561e+02
-2.128088390409229760e+02
5.306080916031346533e+02
-1.365088598615144804e+02
-8.263896569397982717e+01
8.359277245010122215e+01
-1.618353843373965617e+02
3.386145066516587576e+02
1.536844458089763634e+02
1.822979607201558565e+02
6.818034626420029554e+02
8.568011115493147827e+02
6.450189001021552713e+02
8.985130418223698712e+01
1.251416345781866113e+02
1.055606397730939250e+01
5.169757002838185826e+02
3.799841090867995490e+02
9.150482469887671755e+01
6.745037897330695387e+01
3.193388789568892321e+02
1.007465815717356122e+03
5.988294760730844928e+02
6.889873467071333835e+01
2.528679588578799269e+02
3.300695548372953567e+02
2.420721330824170821e+02
-1.237983667686131213e+02
2.150543273175421746e+02
6.201419642866238746e+02
4.413202138475279526e+02
2.548960471741928657e+01
2.225924443180722392e+02
2.936521238171287678e+02
2.673034443429435782e+02
8.932381191544186549e+01
1.941085957448451609e+02
2.766031797310777165e+02
-3.378099296056824983e+02
5.972928927731295801e+00
7.862680031748146803e+02
4.548940671709765411e+02
-1.578354229915723579e+02
7.107759744294619395e+02
4.785804485884018504e+02
4.202672027246123889e+02
8.597542585319745285e+02
2.816903558173833630e+02
8.464395154025548891e+02
5.365991248685462551e+02
2.502170641063514722e-01
3.615010361109149244e+02
1.392662163153146082e+02
5.974186407011580968e+02
9.429734466564536888e+01
4.347124697054396165e+02
8.568495940164601734e+02
3.960876934248623229e+02
-8.853233520584990401e+01
4.486799576398436784e+02
3.560429541631071970e+02
4.629885694865067194e+02
-3.397035567130829747e+01
-3.503469718358340401e+02
8.037022797455185810e+02
2.091718969448561722e+02
-7.027234975935023442e+01
-1.607035508929121193e+02
2.574635624681417880e+02
4.101792375865509825e+02
6.125859051361683214e+02
7.029677595680442437e+01
-4.241841150173441974e+02
-1.217999383266839146e+02
5.151403519165743319e+02
5.313151075942830630e+02
6.069258088018315220e+02
3.225623093957913170e+02
2.629649940307854763e+02
8.771882182454684198e+02
1.008899078261599414e+02
-2.596670573345146238e+01
-4.411125198578502591e+02
3.336598943111486051e+02
1.027476416624595714e+02
2.236504691187322749e+02
4.111366961025774458e+01
6.068652126598628911e+02
-1.778030240749968698e+02
9.943891379758914582e+02
5.029093966324927010e+02
4.584180390988390172e+02
1.048389680697101767e+03
9.482281097840540269e+02
1.876913978149534614e+02
-1.005979934124515296e+02
1.658954721371348739e+01
-1.485669982411748435e+02
8.557312655388709572e+02
5.019711092255418521e+02
5.599396676476910670e+02
1.245309288593124961e+02
1.082910611830672707e+02
-1.265180129237224520e+02
1.380992968800808285e+03
3.634068470788625405e+02
1.225956932483213961e+02
4.493453564490473582e+02
7.658196519178299013e+02
-3.208636942202934961e+02
3.690268063996786623e+02
1.255593688853175962e+02
9.765880611965277467e+02
9.878672793646824175e+02
1.539529127805645317e+02
7.724949560742392407e+01
2.524689915428123186e+02
8.017068102063270771e+02
7.172666229437625134e+02
1.641409401990215144e+01
-2.518255303901848663e+01
5.350383480595241963e+02
3.480816590052302217e+01
1.291960452829891892e+02
-2.361048811484240417e+01
1.842450527031490992e+02
4.176499929421777892e+02
3.055060224775724009e+02
2.149865117598011111e+01
-2.651658784043523269e+02
3.714557056740152916e+02
8.146197358189903071e+02
1.901344054912202353e+02
6.394071225047340477e+02
-4.263552011084379956e+02
1.055134268210860455e+03
-1.286533284428266768e+02
5.970469393742943112e+02
5.023555633248047769e+01
1.114211938911759603e+02
-5.173678153688332060e+01
-1.499677360554047141e+02
1.859216731257009201e+02
1.894180526204082184e+02
4.375682581073564847e+01
2.053282963386939741e+02
3.842753055439857235e+01
3.040264111609309694e+01
7.235714244176807597e+02
-6.343142034133397829e+02
5.954829450264011115e+01
6.550124241943993297e+01
2.468267251634453601e+02
5.628889384633686177e+02
-1.422725557388660036e+02
3.598779686151441410e+02
2.422179759189815513e+02
8.892883080360170425e+02
4.971470920385546037e+02
6.483915308337548140e+02
-6.987069906989411550e+00
6.193300144131519573e+02
-1.810013779801332703e+02
6.801852341214435000e+02
5.424853580441393888e+02
3.606366273589230786e+02
-1.495218417374674118e+02
8.915345419588408049e+02
8.088637612578876315e+02
2.514984129592239412e+02
-1.000244187846780335e+02
2.468533412896445327e+02
3.402102933187190956e+02
2.825356034519999753e+02
-1.804939938961200028e+02
9.132730790426021485e+02
5.110413660207529460e+02
2.949960331431068425e+02
-4.615597055968275413e+02
1.109017668051371629e+03
3.497635230987760906e+02
7.062753966213450667e+02
2.286515096926846411e+02
2.734549253408913501e+02
2.461054541307585737e+02
2.172342957655778548e+02
2.655686868455273952e+02
1.002270957480906986e+03
-1.869092044180158041e+02
3.062458284644814626e+02
-3.454394521727972744e+01
-1.740727253848584439e+02
1.569745787553896719e+02
2.567343614749937615e+02
2.617656442526917431e+02
1.264515892809297952e+02
1.630239725466015699e+01
1.175146100816257331e+02
3.697614215434246603e+02
6.153227372503404240e+02
3.599313435843117759e+02
5.546530168089221888e+02
1.308601285947339647e+02
3.822948231512137909e+02
6.392673514341473719e+02
2.305398015484007317e+02
3.262687455995031769e+02
1.177534248331877222e+02
4.262164105640506477e+02
1.890557289175458777e+02
7.998324434138507399e+01
1.011317358072368052e+03
4.060992138523828316e+02
1.003399094791205698e+03
1.152539818692869176e+02
4.230185879687880401e+01
2.435873914923668622e+02
3.234658349443209318e+02
4.360600670703622228e+00
4.368633495222147189e+01
8.173039467413957482e+02
2.242147475736949218e+02
6.834963853257593769e+01
2.487495998535146953e+02
1.961640783368065399e+02
1.404079206713302028e+02
1.451864585402263685e+02
1.544899985867100156e+02
4.680076175411636541e+02
4.040805251371514260e+02
6.135875187146402965e+01
2.863005667916228845e+02
-5.677792827370117834e+01
6.270313890917569211e+01
2.824217061873807779e+02
2.153033466590468947e+02
3.322440567918473562e+02
1.052078074797253294e+03
5.034551625739409246e+02
4.831651886844655905e+02
5.369736470952697118e+02
3.038767321504180927e+02
4.483404475971536840e+02
-2.294478473648820227e+02
1.466850863784797525e+02
3.014094046721842233e+02
-1.493701472440835119e+02
8.605155078951716519e+01
1.364075875412132461e+02
6.529663755991782637e+02
1.075698699387006627e+03
4.364399249210594576e+02
2.418732882714660946e+02
1.852244386436938441e+02
4.666458826389138608e+02
6.724679525670208591e+01
6.802795144794494036e+02
3.429454279558453322e+02
-1.520681113777029623e+02
3.192556181848206052e+02
-2.677742416309684259e+01
8.681636432008122028e+02
2.362972764477075884e+02
2.908057746197926008e+02
1.746178068194856507e+02
1.425061528470402550e+02
1.019196459650305314e+03
4.203468559404685720e+02
-6.227613241471403427e+01
3.270481108299019866e+02
-5.476377644213639684e+01
2.348479057059209936e+02
-5.762009061390913445e+01
3.567125252203842933e+02
3.457371576339344301e+02
5.129335750463888388e+01
3.409219594975778023e+02
-4.988119703636154867e+01
1.694735001650193453e+02
4.661512146349734849e+02
1.001003462952839300e+03
-1.035533232010107213e+03
-1.115235860777600863e+01
8.994677261800154611e+01
7.824065001332247675e+02
1.179608986223071952e+03
-5.826394206753775507e+00
-7.447378105263248926e+01
6.377004444369126190e+01
5.090144826038954307e+02
3.271958958983675529e+02
4.043852563272014322e+02
1.096084483861985461e+02
9.193412876399396509e+02
5.132472968872585852e+02
3.230497938759721706e+02
-3.918869551371732314e+02
4.795075635831384488e+02
7.669889813601956803e+02
-1.187810812773494007e+01
6.754496534087879809e+02
6.247063255083327249e+01
-2.985087758035537036e+02
6.104726435697066336e+02
-1.962334090595381326e+02
1.423181634646927023e+03
6.897167604885928540e+02
1.389434079143675035e+03
-1.612099024882202514e+02
2.714787039306672796e+02
3.726240439293089821e+02
1.054789878696452092e+02
3.504755761154853531e+02
1.304588124333244537e+02
-3.940106535194193498e+02
-1.395695009835498865e+02
8.047610913872460969e+01
2.492054361525975708e+02
4.569039737416761682e+01
2.281376116395256020e+02
-1.697810340202923385e+02
4.977248352635709239e+02
9.215631313304694316e+00
1.255504359156425949e+02
-1.356873428334360199e+02
-1.755882058426361425e+02
1.152624071388566790e+03
-1.582942429301982941e+02
-3.600092632705315054e+02
1.844702953827684837e+02
3.729581579815601913e+02
5.146375858086867083e+02
8.400809825231770844e+01
5.365298995638569295e+02
-1.547408230936586619e+02
-3.230445318992197201e+01
1.635991733148503272e+03
3.153466718573313869e+02
6.569820109308958536e+02
5.481849055699881319e+02
9.478043803477083884e+02
1.177134734478295286e+02
2.434157775848368033e+02
1.059919316933969071e+02
-1.023770246109296096e+02
3.538985102252910337e+02
3.375547922141592494e+02
-7.039928019019944827e+01
9.006205361601777213e+02
4.037376561091675740e+02
-1.175043063698857395e+02
6.560588695070700851e+02
4.799189823092505094e+02
5.725863413873159971e+02
9.219666747993129547e+02
1.300286953171082018e+02
-1.388785177468728875e+02
2.215275635471916189e+02
-2.056030853984307782e+02
5.081737869011026874e+02
3.072105011817354239e+02
-4.922022317115663270e+01
2.306273771650327262e+02
3.217577002707620295e+02
2.984661171739806491e+02
4.918285330293545599e+02
5.281401780020305523e+02
4.801057595251897396e+02
6.140572930190620582e+02
1.476428942333055261e+02
8.924362631452002148e+00
2.515238241039216973e+02
-3.561444537709852511e+02
4.881072547584356585e+02
1.856670015574541139e+02
4.144307170887137204e+02
4.624028770391394119e+02
-4.746600476469733820e+01
3.116942537068090928e+02
8.809618910411518300e+01
1.005693293006203930e+03
-1.127293595625317835e+02
2.346596650809711093e+02
-1.373209022309667660e+02
6.783092902012872401e+02
1.408289774000118655e+02
2.351221211518911147e+01
2.644900055951962941e+02
5.118329239420862109e+02
-1.135554308706468873e+02
3.652397067348775295e+02
-3.967719260107009518e+02
-2.081446139457841582e+01
-3.387829874805263586e+01
1.739934538514665689e+02
4.004838122225735901e+02
9.704112811351540131e+02
6.351617024520782024e+02
3.848529287238388008e+01
1.904575739085138366e+02
2.244476603496922280e+02
7.496976636257845712e+02
3.977099515671019958e+02
5.850396308418908120e+02
3.898964553319177639e+02
5.086419916855091969e+02
7.097565817040015190e+02
5.089521953113037398e+02
2.119067245554388137e+02
2.238472161729050214e+01
4.047052173470362391e+02
7.572391167759358268e+02
9.069432622988053936e+02
5.599798073779078322e+02
2.966897930773848771e+02
2.376412646255289474e+02
1.456952528723300475e+03
1.117788562121084169e+03
9.006876946311265897e+01
5.562947418873043404e+01
2.692981757851653128e+02
4.253583292788107428e+02
4.178738963347495883e+02
3.264433309685701943e+02
6.482165414007872641e+02
2.931817881421874290e+02
3.007329786109885958e+02
9.021946977756593924e+02
1.594345550906059543e+02
7.361354890230701358e+02
4.537054057477174638e+02
8.841472959955883653e+02
1.285813713614390394e+02
8.223773985962903907e+02
5.415129040744369604e+02
-1.296027994650525628e+01
8.189638064878027990e+01
-1.865805749108918690e+02
2.438818671495215540e+02
-1.819140645105968588e+02
4.846575430970265757e+02
8.728716952413110448e+02
-1.708504660925059966e+02
-2.743467258648374951e+01
2.693792973814557854e+02
1.583091514265048545e+02
3.105003490632173566e+02
-1.407252737961628100e+02
7.151212942165303730e+02
4.060032881574968542e+02
3.412738872362560301e+02
4.163888941117488685e+02
1.175879084523523375e+02
2.655829113774499888e+02
2.404568189919184107e+01
6.694887504683291581e+02
4.561230938801815000e+02
-1.558750508778154540e+02
-1.561707630914109473e+02
5.647772901232002596e+02
2.734416919321425894e+02
5.031909892489675258e+02
4.546055312234958592e+02
2.091553210740249469e+01
2.941260292004483290e+02
-2.448999763295317109e+02
2.048530755079082439e+02
1.492003392752927766e+02
-1.235722762276884197e+02
-3.479073198721468430e+02
4.503707182564128857e+02
3.392702253610545426e+02
