-4.801402115017137362e+02
1.364236014728333046e+01
2.587856578351443773e+02
4.579911920471046756e+02
4.240454496882824742e+02
1.013624651457468417e+03
2.529044877776801457e+02
2.733424066627623574e+02
2.559858708264291920e+02
5.328408009064062298e+02
5.744482938900671343e+02
4.262229145581497392e+02
7.016346950629914545e+02
4.421132833173790004e+02
-1.408182630531554480e+02
-4.506858142642039979e+02
1.036927643696928669e+02
1.386043268538906830e+02
6.840344335501582691e+02
5.398625782060418032e+01
5.215471530131737836e+02
1.193761819024262650e+03
-4.752312896656988528e+02
1.283113957581188629e+02
5.297883511660132854e+02
3.636278247477075070e+02
2.563179279789312091e+02
7.879417529247712082e+01
9.608741829654705953e+02
2.076574839017273746e+02
3.957777547851092663e+02
4.586330109832310598e-01
-2.433977565166665329e+02
1.763129712919392489e+02
1.966356875619025857e+02
1.543818105015508308e+02
-3.834334425753820597e+02
3.237746742375250051e+02
3.043708773879293403e+02
2.845516741119242852e+02
1.307144207451273985e+02
-3.217777694810223466e+01
3.571770131702482445e+02
2.697067270837791284e+02
-5.060062492074379747e+01
2.208401137424003124e+01
-3.911363188314230399e+01
5.686677990242083069e+02
6.216138839903148892e+02
-7.647956357562847529e+01
2.357888595245098315e+02
7.299920819108074284e+02
-6.890399395368562807e+01
5.584660148276266227e+02
9.319447381880604553e+01
2.517307032144956338e+02
1.672841112595775144e+02
6.985901603804212527e+02
2.682165004822492733e+02
8.064908592400934140e+01
1.034153114943638059e+02
-1.818321465424308059e+01
-1.706647758403236423e+02
4.636073263497460744e+02
-1.226207353603321906e+02
3.690529506059216374e+02
1.901628653887715359e+02
6.650684873828654986e+01
7.799436212114394493e+02
9.506412915789172757e+02
-1.249826098717220546e+01
2.735470461599374516e+02
7.466251997909587317e+02
-5.172612010806156491e+01
1.713801076194669974e+02
5.573523363596358138e+01
1.141972042705634522e+03
-1.363388072546312912e+02
2.459431172475267147e+01
3.161292610429991328e+02
1.534357549372717244e+02
4.986986008982763678e+02
4.076773412688078224e+02
-2.222319191077237974e+02
9.736551044746364880e+01
6.857314725593724916e+02
2.908609787981649220e+02
1.592951350224923317e+02
3.888482415036993416e+02
6.919469653448960571e+02
1.449180598984188691e+03
1.086241100890325924e+03
6.039590139307363188e+02
-1.941507212919578080e+02
9.212830388905827306e+01
2.563056255521848925e+02
-8.485834241612357687e+01
2.957692621012677705e+02
1.034931330856454224e+03
3.308265341603701017e+02
6.253500522292694086e+02
3.009408806819251367e+02
4.182362878127966042e+02
2.115505477493327362e+02
8.395127412303020265e+02
3.926171449280035972e+02
7.677045402240408976e+02
1.100747936851990119e+02
5.127607343658298760e+02
5.160612053550939891e+02
-1.915322155527356642e+02
5.070044823704213854e+02
8.119567569200650325e+01
2.989735611950444536e+02
-3.636391811050160641e+02
-1.305099826346929603e+02
-3.870890642434600863e+02
4.870479048472127488e+02
-1.442812496823030699e+01
4.881993990615923167e+02
4.375569419289507778e+02
-4.081276984833251618e+02
6.584340182287201060e+02
3.725233078410166598e+01
2.947514914832826207e+02
2.173154680578292073e+02
2.828996470592515493e+02
7.854161735027032591e+02
6.287153629078645736e+02
2.095317962862717991e+02
1.471871569075072159e+02
1.259021893059322679e+02
2.076409089733592168e+02
-3.251572321356707107e+02
3.266709616029037306e+02
9.888187781113772701e+01
-1.566784934810236223e+02
6.185899632152263621e+02
4.367642242003949491e+02
5.768213219095117665e+02
1.240836171193045402e+03
2.654852197988947751e+02
5.768114663303667840e+02
4.618667824934116197e+02
-7.083395824362368387e+01
1.028695384200620310e+03
6.189502526424884081e+02
2.108148432409373640e+02
4.780172670598091713e+02
6.657228330103069993e+02
4.888230702842206483e+02
4.431319088612736437e+02
1.429404623923713302e+02
-1.385910257435884319e+02
-4.074260106651419733e+01
5.892239227471446839e+02
6.320853904695646008e+00
6.756732790363739127e+01
5.378907380440549559e+02
6.213227625911587211e+02
6.812663273967532405e+02
4.351191822691747575e+02
-9.701383127740052714e+01
5.071291537569948105e+02
5.694531267363578309e+02
-1.596040918265652309e+01
-1.542863610889486026e+01
5.405423553318051972e+02
1.650154930328764067e+02
4.524698925438571564e+02
5.061044593022718914e+02
3.659660899873917970e+02
4.199542893000109700e+01
4.296323085275467974e+02
7.677148131467113217e+02
1.769028436934954129e+02
3.460649964306335846e+02
1.710792687242030468e+02
4.480866044375362378e+01
1.000040439901439981e+03
6.005245457397919608e+02
2.783435298281327164e+02
5.093227631056242330e+02
3.981036143191456063e+02
4.832078281138615239e+02
4.192612146713575498e+02
5.087968642817034493e+01
9.003730482187077087e+02
3.677301187086862910e+01
5.144000278117921710e-01
3.300484127206042331e+02
6.065619725808678595e+02
8.224011850958230951e+00
9.887736631677297794e+01
-4.798418359368641717e+01
2.137624034733584608e+02
1.831977118109919047e+02
-3.580311045296091379e+02
1.103406898062636401e+03
2.437517255944422345e+01
4.757599517825002522e+02
2.348397090705577739e+02
2.446214059126701272e+02
1.976124148548323376e+02
-3.129140953481552856e+01
-3.804777053951580967e+01
1.435139480877745939e+02
1.722657889018447577e+02
-5.216272066085011261e+00
-3.234595275465183022e+02
1.459538344797164484e+02
6.411341053216099226e+02
6.533819356025127263e+02
-2.829897795360273705e+01
3.996294417016300713e+02
-4.078176615354803403e+01
3.279541101227309809e+02
1.702752233859347371e+02
-5.919834142425788741e+02
3.570954584681770427e+01
1.433805972721852413e+02
5.316398030470996900e+02
-2.774150563364318032e+02
6.693486797449289725e+02
4.439602525933350989e+02
9.715059623637404229e+02
2.971389860674896113e+02
5.395189643611715837e+02
1.953134913817141012e+02
8.942999984234737667e+02
1.173818402662226532e+02
-1.518012451337847324e+01
7.822108188154595609e+01
-3.001628057417595983e+02
1.869661512110587296e+02
6.422416968048036097e+02
4.733217093318038451e+02
2.519370428261928225e+02
7.418052504771134181e+02
6.841344708234514655e+02
-1.319757592555402539e+02
-1.441625449871808229e+01
-1.868325534582393033e+00
5.643827468022901712e+02
1.856595440689930570e+02
3.626663211104188349e+02
1.158257875638690848e+02
1.044776881485154036e+03
3.323510470915713313e+02
7.584384336327633491e+02
-1.013255548921721072e+02
-2.477048104686004848e+01
2.730764062992883510e+02
-6.684598046880628885e+01
-1.430942951291377696e+01
7.036756513448614214e+01
-1.376771534710682943e+02
5.643382222629210787e+01
3.162690486222363688e+02
6.619159107181992567e+02
-7.187348011827953087e+01
4.612062860468710710e+02
4.501742736203764252e+02
2.051423089954539023e+02
-8.637437837217035508e+01
-5.273030659027662068e+02
-2.629963598494804842e+02
-3.246018685904344920e+02
2.835470460017922960e+02
-4.495706219108818118e+02
4.766864430785057607e+02
1.059921293186781895e+03
3.720976913566537405e+02
4.042352277871460160e+02
2.580872370718943785e+02
2.469736588219894600e+02
1.034729924309529679e+03
7.090332732235480080e+02
5.349434024713000326e+02
3.337412263798821641e+02
-4.958701199068369192e+01
-2.474943734191871840e+02
-2.396469957081595510e+02
-5.351720858060717489e+01
1.874889509982795843e+01
4.835730956970633088e+02
4.747393876631952025e+02
8.926614081594084382e+01
-3.482351599434335867e+02
1.515275845446237781e+02
1.487233586424997327e+02
-2.018811002855251502e+02
2.739910508906565951e+02
5.290363977643826274e+02
1.167746923710384692e+02
1.640029283129200337e+02
1.744898429725342908e+02
-9.845695939447402623e+00
3.225856054340297305e+02
4.114656188539378263e+02
5.033829781242181980e+02
6.447394575807275885e+01
7.014821587646149510e+02
1.592908876951401908e+03
-3.932476093720927679e+02
2.216278962465343483e+01
-6.463385041370270301e+01
-1.354240939290963297e+02
-4.669924744797494895e+02
1.918794072413252536e+02
5.923675317459568532e+02
1.045066632440030361e+02
3.435667988573629259e+02
1.195209042213343764e+02
-9.761394772466296388e+00
2.256392863338789141e+02
-3.948410568888775174e+01
1.150130888088144161e+02
4.391654929065657598e+01
2.421965285735156783e+02
1.965970907826088308e+02
-4.467881422216638043e+01
-2.342768808829844716e+02
6.762143684216272277e+02
2.463251055962047644e+02
-4.148662590429684087e+02
1.669404877924925188e+02
4.514368572656440506e+02
3.508558008966317630e+02
-5.091997942145206935e+01
3.904735600719280910e+02
1.350600904596362284e+00
1.118110550505420520e+00
-6.324453049437546781e+01
-1.122167731406876783e+02
1.614561262316703107e+02
3.019219992383519866e+02
2.196925866611525748e+02
5.753097479218175891e+01
2.702019480487006220e+01
4.092257534566410300e+02
4.824481482108488422e+02
-8.825770559082755540e+01
6.917404219485049452e+02
3.951033130988974449e+02
4.070338192892652387e+02
5.161774818445284154e+02
2.656991111053682175e+02
1.687773305571353077e+01
-2.601573773304511974e+02
5.072495764063606885e+02
1.382009517454943932e+02
2.023695481412659944e+02
5.754949396694217967e+02
7.964899778112311424e+00
4.958739441614227417e+02
2.161442179967415882e+02
2.205346447357546680e+01
2.261590338417620103e+02
5.612739046428590655e+02
-2.105556682265540189e+02
-1.181051091052179913e+02
7.093320377613596293e+02
6.488762379543079533e+02
8.843978673011248759e+01
3.267141588329457136e+02
4.461237139997764984e+02
1.087309978348185240e+02
2.232698837930294360e+02
6.260452158923793604e+02
1.641720464851733254e+02
1.117745625427730118e+02
6.665307675811081367e+01
8.089993052289290176e+01
4.280605937298149684e+02
7.449726490070323734e+02
-1.719991383358357950e+01
7.663314589255668352e+02
5.467796335809129005e+02
4.508526121361103378e+02
2.082771434621722335e+02
-1.038269277679597025e+01
-1.271200082331105818e+02
2.673614441434215792e+02
3.085904372832584386e+02
2.020516688937903211e+02
3.146295390156366807e+02
-1.222271234249354563e+02
4.042748964154368423e+02
1.941360824226033515e+02
1.830701571713069029e+02
2.431683286696396067e+02
6.477352064568530068e+02
-9.529071159097675547e+01
1.012482232295808160e+02
1.243633783446559420e+02
2.209888022881257257e+02
2.578865077860226052e+02
6.068258533435881645e+02
4.136880950516923576e+02
3.544279024660951336e+02
5.479954346862879788e+01
6.241990363633134393e+02
4.368284036207586496e+01
-1.308231475939328163e+02
1.634205120823075319e+01
2.847587770595793586e+02
3.465304180270198913e+02
-7.607784760293905890e+01
4.584524004474049548e+02
-3.119849142917800577e+01
-1.425340186316399809e+02
2.785696803086596560e+02
2.060593072547341649e+02
1.297935720791358847e+02
7.181532644018831206e+02
1.681897352392791163e+02
7.803292872793434753e+02
5.656538359582214071e+02
7.303702335575424058e+02
1.319397551051911933e+03
3.317072515942621749e+02
-1.794612148604153674e+02
5.223379920862039398e+02
-3.510424583858723508e+02
1.106194900557662919e+02
3.016564940927478347e+02
6.201181227540012060e+02
1.454055792947360146e+02
5.463162448065448871e+02
3.800389665517621438e+02
4.065705557905705803e+01
2.790640810011848316e+02
1.337175077257838609e+02
8.810717303227063439e+02
3.346076277656284788e+02
-2.438126163366846413e+02
1.384892707626090669e+02
5.112828437048921728e+02
2.170021216667290105e+02
6.782725759203692633e+02
9.284714086911518507e+02
4.432548011311207574e+02
9.937999932729834995e+01
3.796421001114092633e+02
2.200141660488152127e+02
2.165674737336108819e+02
1.483337054916856346e+02
-1.155057467909393978e+02
3.537609476252750369e+02
2.991794257605965868e+02
6.362674314863704694e+02
2.444062924150248648e+02
3.171375281238573507e+02
5.382652520737865416e+02
-1.205900231175313024e+02
-1.946445654582534814e+02
1.167181340172821137e+03
7.797394468603584983e+01
3.327494718758608769e+02
1.747858522997147475e+02
4.382792859540585368e+02
-3.872946474768211260e+02
3.164973964674561557e+01
8.513718874199174707e+02
1.174436975804100882e+02
-4.137449091237766652e+01
-8.212411088486166477e+01
-8.159643584464582489e+01
1.612075397733431359e+01
4.178598133889877317e+02
1.595685214842995379e+02
6.679046088795089986e+01
2.716018203885291769e+02
8.341332035807144507e+01
9.146362673815917788e+02
3.584629394791408572e+02
7.923515681579613101e+02
1.870916308831140782e+02
6.681329566665356197e+02
7.912927820822451963e+01
3.011262355782381519e+02
6.700791469503269582e+01
1.923995522660522681e+02
7.365489666874061641e+02
-7.717922878577815027e+01
5.611506952230135994e+02
-2.938889645266473281e+02
-1.594788749002927943e+02
1.497662065932422593e+02
-1.940540765077812466e+02
4.631714237097025944e+02
-1.332662880007718229e+02
-1.053831323968055074e+02
-1.336441631651799185e+02
7.385502759230158745e+02
4.024271721701029492e+02
-1.100270307047483342e+01
1.244331871768723659e+02
2.096234977139467617e+02
3.860742895387161298e+02
5.443597866377891137e+01
-2.157993509606556586e+02
2.971375159608018990e+01
2.644251981044965873e+02
-1.483807688400582947e+02
2.680570087995233166e+02
8.338966476965287029e+02
2.198834027646202287e+02
1.757688919436067181e+02
3.611545953754846892e+02
-3.030643944868817812e+02
5.756953056482416287e+02
-1.448082937263456529e+02
-1.272595794725636722e+02
3.694233465659618787e+01
1.897711371066486379e+02
1.107443680174854762e+03
-2.370693535783987329e+02
5.245035768380298578e+02
3.210836473624192422e+02
5.889849590787577682e+01
1.053342210804000416e+02
3.291877632126825119e+02
8.737023230868305745e+02
5.226522338072885532e+02
1.802308031626156719e+02
2.795268044420376441e+02
-3.240096398300084957e+02
2.531768577679208079e+02
4.724997107005991097e+02
2.750375265343975570e+02
7.664854166237007576e+02
2.458931889878525112e+02
-2.165295244278545397e+02
6.060789184362267861e+02
-3.706627072088203079e+00
1.574666854917367118e+02
8.211435839933396892e+02
4.742920348114870990e+02
6.095305797901639835e+02
-1.370332705895110053e+02
6.227245095783787292e+02
3.355652737829943248e+02
-1.404414238369062389e+02
6.215228649578452860e+02
-2.681983785594306937e+02
5.827938993009410069e+02
2.106972465079377059e+02
3.196616726622037277e+02
3.441341624131550816e+02
-5.839993055049517778e+01
1.295182639086087590e+02
-9.690507534352497032e+01
4.024453990761808342e+01
3.003628580351497703e+02
2.684046382464390490e+02
1.887320175520470116e+02
3.492999828082922704e+02
6.987305040866225454e+02
4.078802056391151609e+02
8.260372071108984073e+02
-2.324393923286278891e+02
1.305006371845530566e+02
2.686349799561645000e+02
1.361618937040069113e+03
6.974034785039431199e+02
-4.726874829712310770e+02
-1.440051334168697963e+02
5.667745055099355795e+02
-2.255394022975129928e+02
1.258682634226036328e+02
3.498523121795722659e+02
-4.394469016705933200e+02
3.887465297001737667e+02
3.042610680967857206e+02
3.867868584152634526e+02
1.797318345386869964e+02
4.945474231821883393e+00
1.236070916551680625e+02
-4.760160717767174674e+02
2.510606615248852620e+02
-1.485848765006522569e+02
4.797384764963119324e+02
-7.291960608970908879e+02
6.740569103846371490e+02
-1.441699337069317153e+02
1.149366578549053628e+02
3.819169678971710482e+02
2.309007293104573932e+02
-2.193400068747589273e+02
-2.388627828742289125e+02
1.182175013584256021e+03
5.176872484064718947e+02
-2.370798632157840871e+02
-2.275436553640754198e+02
6.661693120889556212e+02
1.947176545552424329e+02
4.729217550441613866e+02
1.751195177894629182e+02
2.566205387616232088e+02
1.612640517562347213e+02
1.335272496403014486e+02
9.375807096861282162e+02
1.540412230354918393e+02
4.924354644650557589e+02
2.665545858876256489e+02
7.042366123031630423e+02
4.932878345179275357e+02
3.961613655731184167e+02
7.444793361029039716e+02
2.677553378372649604e+02
9.059884575099657695e+02
-1.154297886819709049e+02
1.595919045545988411e+02
2.154089509457147642e+02
-3.723872305968958472e+02
4.143416689642109532e+02
1.236730546124407653e+02
6.019176602797045916e+02
6.950087749322360651e+02
-1.089515419224736092e+02
3.932022660463536567e+02
2.846224863696773468e+02
2.481375972819590459e+02
2.592204056093934241e+02
2.030709558500952596e+02
-6.502947575630497568e+01
7.415896556090532954e+01
4.361357861543209538e+02
-1.592917026385329962e+02
1.303424871134186844e+02
5.218367754532604295e+02
2.748432981490933003e+02
1.372216875033316228e+02
2.499382143478614182e+02
5.234189544779876542e+02
7.403602518636344030e+02
8.121438236669454227e+02
7.962828202023480344e+02
5.684449517063603707e+02
2.851653224951371044e+02
1.695813140299447355e+02
-4.050746940867534249e+02
4.566129415293927991e+02
-5.007990694083713379e+02
6.369450839441607286e+02
1.599940650987901449e+02
1.481052060371658854e+02
3.039604187504482979e+02
4.934618822739827806e+02
2.542906172461265726e+02
1.806481617671459503e+02
5.588253382762630963e+02
-1.264491154918083424e+02
9.071810395609322768e+02
2.136094687903870124e+02
-2.778247801229220926e+01
5.061710181072994033e+02
8.301645571718679548e+02
5.837223083202421776e+02
4.693536926644364939e+02
6.634202951382767424e+02
2.063994809182132144e+02
4.915463110179237560e+02
2.455161536310346548e+02
5.011293460797128887e+02
-3.314309998774784560e+01
4.077382602016493820e+02
2.734268520134395999e+02
3.261052922484857390e+02
-2.474746364272069172e+02
4.033948735113879138e+02
-2.005213239317846785e+02
1.614228287500316696e+02
1.145550579343051822e+00
4.259042924785125592e+02
-1.343306385467865880e+02
9.781165332421187486e+01
3.482904454093584832e+02
3.039045811100946253e+02
3.255945705206749494e+02
2.035930686191437928e+02
5.216562864884958799e+02
-3.902235087713429351e+01
5.271974078552101872e+01
-1.436557432525911793e+01
-5.995745150525773397e+02
3.022582826491932906e+02
2.427139175387745524e+02
4.820485394966557351e+02
5.792486234196151429e+01
-1.074983446094881288e+02
3.691501996418997464e+02
-6.700626915248079740e+01
4.854492373481359664e+02
1.540020500870731439e+02
9.089343790401841261e+02
6.241553555453698436e+02
-1.152200460755368994e+02
4.529518527379532316e+02
1.916861907430867973e+02
-7.771822649944263617e+01
5.617354961937371627e+02
1.375481883123149601e+03
1.007371572291249038e+02
3.230045797456713217e+02
7.225193917049489301e+01
-5.796872543428516877e+00
-1.326349928035288315e+02
2.395804336547374476e+02
9.054334721578692324e+02
3.638455932168502613e+02
-2.511754514198250376e+02
-5.419956556807093051e+01
4.066636780566573179e+02
1.912704463263807142e+01
1.407367840784764113e+01
1.597848859353524631e+02
1.578275352061536125e+02
3.870824446966092864e+02
3.766597346851695249e+01
2.883056265404721330e+02
6.277577115386717423e+02
3.851719151036421351e+01
2.357231767891540528e+02
5.288586418862024630e+02
6.185771560299167504e+02
2.378224129227939727e+02
1.701425000807761307e+02
-1.003687113265327753e+02
5.252390754339005525e+02
9.264984417531334771e+01
-1.374506241329735445e+01
4.250133298026029252e+02
1.242265981167186283e+03
-1.576434341765967062e+01
-9.391565010889949860e+01
2.175423155610996844e+02
-5.953350292616471506e+01
9.967262518061500032e+01
2.489858471247465559e+02
4.636620745548073330e+01
2.221879297764755279e+01
6.512278286558118623e+01
1.282488315159368995e+02
4.108924465678358047e+02
4.794157952721893707e+02
-1.358831574959382351e+02
-2.558507915376291919e+02
2.022213945748045489e+02
5.050422456915252951e+02
1.830726998084678883e+02
1.288481852671304068e+03
3.241368493432415789e+02
-1.754719081124828506e+02
9.727158738978855581e+02
-1.038276267712730316e+02
8.143364495025770111e+01
6.577744418437343938e+02
7.045946790731028386e+02
1.254942877407147819e+02
3.357772227448260196e+02
2.112351635137306118e+02
3.561853674597969075e+02
3.991433380404117202e+02
-2.020410723833485918e+02
1.747382102742172663e+02
6.836802895490444598e+02
-2.319138234929062037e+02
-7.503365365728251390e+01
-3.446378017711206212e+02
-3.470572744576361401e+02
4.675488293755819882e+02
3.372489253241420215e+02
4.476942668166088879e+02
-6.499572903527318886e+02
-1.174775015194257008e+02
4.290676957914532608e+01
2.112141095913552817e+02
1.787589806018961553e+02
8.896313891864980405e+01
-1.799533312062375785e+02
6.951737497851689795e+02
2.737140753891908389e+02
6.422070589511024536e+02
2.739764971558642515e+02
3.000590773893449068e+02
-3.773113437302714601e+02
6.334405897845666686e+02
6.343933948388699946e+02
8.847536035808000179e+02
-2.711141974353446216e+01
4.496996253651170150e+02
1.674728271425495905e+02
1.518940528100627674e+01
4.774351486544051113e+02
9.889030812726999784e+02
-3.578722201619957843e+01
5.067522986486426362e+02
1.353704360797829054e+02
3.753995543619809609e+02
3.280742356941534581e+02
3.801301074878111308e+00
4.113470476697358436e+01
1.179688723555225579e+03
5.051774167742971144e+02
3.198021694797608347e+02
3.389343713753525122e+01
3.529035065767944843e+02
9.162521768579474610e+02
3.216380652950645640e+02
1.133158565075935257e+03
-9.559372619273361238e+01
1.539194448798303938e+02
-2.110820901847716584e+02
6.046026439103964094e+02
1.411142512982686981e+02
-1.124708793084217007e+02
-4.471405101489203560e+01
6.782204117589914176e+02
5.510145156253715015e+01
3.830053764277396908e+02
2.146989952369199841e+02
4.211635324343718594e+02
8.761529766239060280e+01
1.150532204842853162e+03
8.502113626034843037e+02
-7.636211666981016322e+01
3.650415322533929725e+02
6.606375592443868072e+01
4.854144033578323274e+02
-1.990939266982427398e+02
2.252257213764567609e+02
5.998022244696782082e+02
2.920462780374616045e+02
2.804202926148394113e+02
8.299492195757359241e+02
9.758645687307043772e+02
2.473995304380372602e+02
-1.671825012055418256e+02
5.387202924602964913e+02
2.032746191683644668e+02
2.747280825170834078e+02
-1.145100615048999373e+02
2.840088361222150297e+02
2.231712072831079041e+01
8.619274978359010220e+01
3.222162518098748478e+02
-2.083401380479323279e+02
6.120495432468040917e+02
1.762712211789287835e+02
4.236372640292506730e+02
-1.347087976240051148e+02
4.213191740601844799e+02
5.531755814653055268e+02
8.748750703092578362e+01
2.550293854757794350e+02
-1.360534029349024081e+02
2.236410483431335479e+02
1.139619771996141111e+02
2.255332288461832491e+02
5.011047179583357547e+02
6.006188269909708310e+01
-3.937525975089279484e+01
5.302195301733363522e+02
4.444811781136298805e+02
5.825190275874560939e+02
2.314495944394527669e+02
9.197933378531022299e+02
1.693458253129239495e+02
3.033949644574719287e+02
6.867620709999947337e+01
2.063051008885323085e+02
1.130674329478056990e+02
-4.459820883648255574e+01
-1.014148479428942409e+02
-2.409782177827603107e+02
3.646693242826117967e+02
5.942121363277233286e+02
1.716419511704705485e+02
6.060666915439760771e+01
-1.201701174678925952e+02
4.688238913620596691e+02
-6.641839511689647679e+01
8.699784951172966885e+02
2.492888130900030035e+02
4.975906848058244805e+02
4.046420790545661248e+02
5.687926227940673698e+02
7.853669836141032192e+02
4.751204776191409564e+02
5.418049124804156236e+00
-8.656894677783989778e+01
2.537417178626557472e+02
4.751722428738014514e+02
1.641695676620091859e+01
-2.743103566207252015e+02
2.733001551220478405e+02
1.500666558745148507e+02
7.966272038558315671e+02
3.730558874136678327e+01
-1.001793008982863853e+01
4.369903600778612258e+02
9.175130558643434142e+01
4.768342013757555833e+02
3.119984679256066897e+02
1.303974866366712604e+02
1.394888952645814015e+03
7.740763093452857220e+02
8.363202057323383087e+01
-1.598226022171919567e+02
3.492423236402743214e+01
-4.107360076340953015e+01
-1.049599759317467829e+02
-3.183358385931768808e+01
6.870475991251630887e+01
-1.030464397999625277e+02
2.444961661117866640e+02
-1.563254330680005921e+01
9.475823300860926111e+02
5.981098603302010019e+01
-1.016358938760256194e+02
-4.849676683303791265e+02
7.103899677348390469e+02
2.791375016293610543e+02
4.451344397870160492e+02
8.886017381352835400e+02
-1.531760180275114180e+02
6.972856353429481260e+02
8.386455774325385164e+02
4.648745773873518772e+01
-2.988156370069133914e+02
1.096359705380524701e+03
-5.159419630611311902e+01
5.677459757938497660e+02
6.643656437462577458e+01
9.390834922050061095e+00
3.635201980205759753e+01
5.849579931922220055e+01
8.929952015590933456e+01
1.683165630733593048e+02
-3.193670013692590715e+02
-2.300298475144194583e+02
6.739244894309347274e+02
2.307839948640832688e+02
3.714673086203541175e+01
6.111626364495028696e+01
2.885774499355623561e+02
1.879637985016123594e+02
3.378057100439730220e+01
8.515128653088415831e+02
7.506335054101890591e+02
-2.046904695101629557e+02
5.011515364829523378e+01
2.612200044342988576e+02
-3.612832824566664272e+02
-8.542287832866435338e+01
6.575330766798779223e+02
6.336325337960547586e+02
3.229641991811113257e+02
-2.058935111342050206e+01
-2.940472406857135752e+02
1.471563665709159068e+02
1.351976474830588359e+03
1.594118501466328325e+03
9.702844968132984604e+01
5.727563740683571041e+02
6.876916704212209197e+02
1.530611327221851070e+01
7.268104263712343709e+02
9.264530336750779327e+01
1.468531913794562342e+02
3.681433213817460626e+01
2.878728992656047012e+02
2.744732830040335330e+02
3.314653707133888929e+02
5.208705363425597170e+02
2.046088544068554995e+02
4.626844393023032467e+02
1.247906711991206095e+02
-3.554885219542130130e+02
4.112535822030603754e+02
2.367841917604046671e+02
3.093476602628916794e+02
1.459616923281588470e+02
8.463930679839066329e+01
9.773361483666271852e+02
3.233867870837925125e+02
2.878328327738371684e+01
5.905526807213221900e+02
2.705633077066784153e+02
1.589936421848966859e+02
-6.496691904831004649e+01
2.435768426022795268e+02
4.239610180116076208e+02
3.422704089919769785e+02
7.864663492663250963e+02
6.707893729372699454e+02
1.357093072533171494e+02
