-1.959817881325364226e+02
-1.198163801852488319e+02
9.525283458536620174e+02
-7.267277742089342496e+01
6.047165374291101898e+02
8.136979045819927592e+01
-2.715340579025071293e+02
2.351311880000767474e+02
1.465911847170112594e+02
2.102318880443423268e+02
3.140327434040692083e+02
6.650261738823448923e+02
2.902858310384307288e+02
5.865559583734601574e+02
-1.461501178144895619e+02
3.751991198851137597e+02
6.612157852646670619e+01
-1.090242059291595922e+01
1.601580655453445843e+02
2.094630571619007355e+02
7.787819205960386171e+01
2.408857428273980190e+02
-2.751826059469054258e+02
7.684283924109799102e+01
5.654814683233969390e+02
6.359281090442623281e+02
1.388177051550737531e+02
1.475894853536048231e+03
4.335369509979417444e+02
3.101127246465391067e+02
-2.681558495086115457e+01
2.884549376533661302e+02
4.067125470406535328e+02
1.668786764655785930e+02
3.005527127867212016e+02
3.732959825114442651e+02
1.268048665636804913e+02
2.477754645326979244e+02
-1.268741314124181088e+02
4.012081836796952530e+02
9.570634461046037700e+01
4.027348960109853948e+01
4.149952604771517031e+02
6.360415143186276055e+02
1.760767043339707243e+02
2.198920196778188938e+02
8.507115257913595485e+01
8.952733359930351753e+01
-7.148339003273207481e+01
-8.132412460939968923e+01
3.954816020384225794e+02
1.918964323961533864e+02
3.455476698422913273e+02
4.401803672149270028e+02
1.737007417012807196e+02
2.424625263105835771e+01
3.330290759362190443e+02
3.416025853741885498e+02
-7.402738911710794412e+01
2.079316169433613766e+02
2.029366871326678563e+02
4.391450545739986637e+02
7.341793151005438745e+01
6.701538203084161296e+02
-1.424356825862475375e+02
-1.899266041188050167e+02
2.927373545587227710e+01
4.703606682674490003e+02
3.880986435827009586e+02
1.788789764075385449e+02
8.279981948240599650e+02
2.247954209480114400e+02
1.632021442447548623e+02
6.145465962849851849e+02
4.364554785530094705e+02
2.407907943889234446e+02
1.502299925054638834e+02
1.221951262675129044e+02
8.468208562648582074e+02
3.793727411268203014e+02
-1.878883041946643289e+02
2.848811968237455403e+02
3.107725973569240523e+02
2.640570923991896848e+02
5.751753898816800756e+02
2.761979103506229194e+02
2.735313874207142817e+02
7.788357382709854164e+02
-5.392143692383363884e+00
-1.890433521274254645e+02
-8.015565006190658437e+01
4.268542160918254922e+02
2.968295626521635882e+02
-2.115855906824736792e+02
1.546445911726396503e+02
1.227096825917235492e+02
-8.682759830297759152e+01
-3.065308875063487335e+02
-1.252893659450211601e+02
5.580093659923472842e+02
-8.412383557052672245e+01
9.460906380205594246e+01
7.558149023177775234e+02
3.567600510374211353e+02
5.202771630286943036e+02
2.460835442303986724e+02
1.140985785550694800e+02
-2.473388563707881005e+01
1.219359226795044577e+02
3.488659151189770000e+02
1.591575001706631269e+02
5.290526248057819885e+02
-2.571413488473607458e+02
2.615695219059946339e+02
1.744003775991393468e+01
5.296282620357609972e+01
1.329432640831967660e+02
7.323567554805815689e+02
4.624655337585212465e+02
1.995032881791799468e+02
-3.030404426996557277e+01
3.275973729715273066e+02
-1.574427391513652310e+02
-1.591591166702703219e+02
1.295671288851159204e+02
2.290758291455578330e+02
-3.022150768889409846e+02
3.939647100495226368e+02
-2.230275918729449245e+02
-1.437098099895556516e+02
5.377072362066651294e+02
3.404009539458741074e+02
3.773538762122413459e+02
3.863715877467127058e+01
-1.834886526906355186e+02
3.003776566868174882e+02
2.897279165041374540e+02
-4.180106666388647341e+02
3.806852581444585439e+02
8.627005980399732721e+01
2.940715387946105466e+02
4.773488131888595376e+01
1.777975759606444512e+02
1.421359213236254959e+02
2.849741367837996222e+02
4.194685782830099470e+02
4.116905005432017788e+02
2.244154168717909386e+02
5.984185025913201343e+02
1.048635186135809136e+03
1.614738158867960465e+02
7.273522453584033656e+02
3.177054585656481578e+01
3.363628576359904514e+02
4.350912082962412910e+02
1.665070580853310958e+02
-6.169752036031676568e+01
2.146742800233321020e+02
1.696591330546609413e+02
1.966334677971043163e+02
1.318574691760626365e+02
3.008494007427787551e+02
3.274235157506769269e+02
2.767614279740107577e+02
1.046666370037927436e+02
2.725498954983657995e+02
-1.389900893870899665e+02
2.104504266721875467e+02
2.407386492159369027e+02
-2.062640220693952529e+02
5.897748715699411548e+01
2.257208868913014044e+02
5.565662646024684079e+01
-7.532148525060357258e+00
1.051505339013292257e+02
3.518770921832940530e+02
4.717103255655434850e+02
6.825943996366758881e+01
4.069638612265184747e+02
3.979495325301758868e+01
3.090783673061526997e+02
3.454619781290961669e+02
3.515204203529330584e+02
4.660478996787762753e+02
3.063668671944988660e+02
4.625040103799003788e+01
-8.654235297772407876e+01
2.780684765372968172e+02
3.233264525370191791e+02
2.301601624436125917e+02
-5.600740988916287932e+01
1.985977784796694436e+02
-1.362909221245542426e+02
1.008076913063112556e+02
-8.743413386349523364e-01
1.038286874223097698e+02
5.808944897893146617e+02
1.706517918630034671e+02
1.304018032959244806e+02
1.444693215941276776e+02
4.230485604277043876e+02
1.731221302783327758e+02
3.720271216929130986e+00
1.778750589698560418e+02
4.864333758857305838e+02
3.096963977725685595e+02
7.710148303291770162e+02
5.626359529695242401e+01
7.084989823851122992e+02
8.060555955146699034e+02
-7.926392771553778971e+00
5.261439400856461361e+02
4.117404458705462957e+02
7.394293522282256390e+02
4.220599931518145809e+02
3.212410120547966130e+02
4.422272188666357806e+02
3.272468331453846417e+02
4.449765490120657887e+02
4.340001121331525837e+02
4.640032008439479227e+02
3.986635867953655747e+02
3.203206371242895329e+02
9.873880179858635984e+02
1.899246724752672435e+02
2.706803427268072255e+02
3.782228127067279502e+02
5.777617679814400162e+02
5.648319010883449209e+02
2.385587008283781927e+02
1.470566150212507921e+02
7.695163190614842108e+01
3.871437615301693995e+02
4.891532621806566681e+02
4.769916047390405538e+02
2.155169895027468669e+02
5.531987009589956870e+02
6.239415499156086753e+01
2.091666142494881626e+02
6.918523149041900524e+02
4.889004929036345288e+02
3.010071319915468280e+02
2.569325462050014153e+02
1.704648821333287572e+02
2.300520984608260733e+02
7.131468679682938046e+02
-1.606585815416638354e+02
1.572472111280688125e+02
3.767184497625381709e+02
7.716311364149234464e+01
2.578212921285357879e+02
-2.864076864210881581e+02
6.230676328102698562e+02
-6.595826999231164223e+01
1.213251495832374616e+01
2.810173678805007853e+02
1.883878971315469073e+02
5.738774824079347354e+02
3.209710808778794444e+00
1.949501845050527038e+02
1.109486945855874183e+02
1.939571577377496112e+02
5.262322264497937141e+01
3.819300371305250792e+02
5.312338345681116607e+02
-2.863598712232692947e+02
2.484023055739218364e+02
1.703094922867158516e+02
8.655603089803918238e-01
-1.921687045956462327e+02
4.666741627578800262e+02
-1.804440879966438729e+02
-1.215560443988152315e+02
1.991028263481021838e+02
3.599506528631322908e+02
1.952474900179718702e+02
1.820221972971341700e+02
4.117457213716996307e+02
2.899971605855420762e+02
-4.153507342562566862e+01
9.609609308187830834e+01
4.252010642508633396e+02
3.901013359258834612e+02
1.446933911701940758e+02
7.211126270171653232e+02
4.617080093840685606e+01
3.965081744837291922e+02
5.798747583739766469e+02
5.494869610876834258e+02
-1.013967687899931320e+02
8.768702094599436236e+01
4.242292901516408961e+02
-8.960023406635809806e+01
1.706329339961686742e+02
6.181041189982305468e+02
9.262543097413579574e+01
2.200455552311030871e+01
1.721787295876929988e+02
4.302463186670367463e+02
1.015473695263517442e+02
3.691793647371899851e+02
7.067276003976426182e+02
2.305557063345819415e+02
6.297604579745224100e+02
6.829026207100375814e+02
3.138818250101040803e+02
7.955955136849702285e+02
7.326705786255133717e+02
-2.482258701390741606e+01
-1.333842805378395155e+02
1.000381060712284125e+03
4.200772080359996039e+02
4.787390207182625090e+02
1.392464267245376845e+02
4.403494410157948664e+02
1.968077309029886237e+02
1.439059906147953996e+02
3.497537825923171084e+00
5.540820424546355980e+02
4.566728607607074082e+02
3.879754432441070549e+02
3.292719674439715618e+02
1.550790382750893173e+02
3.319154267604077972e+02
-5.215457080855468774e+00
6.247983549761670474e+02
6.449696965298088571e+02
-1.820869211637742353e+02
1.222403071878574679e+02
1.864988285745053247e+02
7.813332306504544533e+01
-7.783093159684150919e+01
3.572389205442597699e+02
4.582890201560330752e+02
1.710993407927369390e+02
-1.176874224242065736e+02
3.084474985603251866e+02
3.158419731306826179e+02
8.629181792613242123e+02
9.274470489192250966e+01
-4.320591128081802026e+02
-4.504198637317870180e+00
5.541952027445011026e+02
3.002117194133739986e+01
-1.301017343237927264e+02
2.677156037792994780e+01
2.255631466311594977e+02
4.521556816413279876e+02
-9.561152327071550872e+01
3.362621021167680055e+02
2.393193617138629747e+02
-1.073579446635860108e+02
1.327408634306148940e+02
5.149405209015826301e+01
1.672325239308422340e+02
4.030770018524484044e+02
6.775642007789890613e+02
1.547898325670963686e+02
1.111897339978941943e+02
2.385405173749521452e+02
-9.536705234672776044e+01
4.435402154671895687e+02
1.224896590607088172e+02
5.023499690488055762e+02
-2.149054368039545011e+02
4.530232652673902862e+02
4.741602576991036813e+02
2.781982614063972505e+02
6.062121032740872124e+02
-2.793466067589132606e+01
7.957986881411017066e+00
8.094903955085936786e+02
3.690980942283992476e+02
5.766209756589402105e+02
-3.798186362328093537e+02
-1.662613340632280199e+02
3.935929742164457821e+02
1.568235117352531915e+02
4.174470073110896351e+02
1.701604048052480778e+00
6.593325057636452868e+01
5.404790571885675945e+02
9.804839643001355398e+02
3.025863566622505800e+02
4.968705277119733523e+02
-7.850125284051857477e+01
6.885298720390219387e+02
3.937428833606506373e+02
1.421946839462722494e+02
-5.390609418800684125e+02
1.782756093706389606e+02
-3.066666852593335193e+02
2.243619129690088130e+02
1.265041471599194693e+02
8.344575252256120734e+00
4.206413198267488838e+02
5.178911903365005287e+00
-3.637951684646142780e+01
-2.005536807588713941e+02
1.772185709391825981e+02
-1.301047341083469746e+02
3.332064359360973640e+02
1.517986498787702772e+02
7.974052817212239574e+01
5.544073817001666384e+02
1.644621568838148562e+02
-5.709118981748473516e+02
3.824502779963610237e+02
-1.280913860548896110e+01
-4.546027583473216538e+01
5.349207000195717683e+02
2.311156108361847998e+02
1.297256688841187611e+02
4.009604878248917998e+02
2.070791267825092064e+02
1.306268455534714974e+02
9.706772953601596328e+02
1.529635795728714243e+02
-7.596981132760870992e+01
-1.392066530363007359e+02
2.676026033585395680e+02
5.947368176945454934e+02
3.582260413260955261e+02
3.515661848669241749e+02
4.962595839222486234e+02
2.956297876776831117e+02
-1.264008371219847504e+02
2.229385744963580009e+02
-1.278762855391485260e+02
-2.247443685987487072e+02
-1.013826153114252975e+02
-1.797841056243191531e+02
-8.282170258682950248e+01
8.256278987423280569e+01
1.665094798336860435e+02
1.433976394991495340e+02
2.922347323307153601e+02
9.849068190672224432e+01
5.077623974923643573e+02
-1.401347717491987908e+02
5.174210794147616070e+02
3.173084022488556570e+02
3.934947885910813170e+02
3.469396574747836581e+01
2.894300593900379681e+02
1.115767454142551003e+02
7.940818732954273855e+02
7.666911216358032277e+01
5.619124668369037181e+02
5.306981558358467765e+01
1.123877259724441302e+00
8.753578827699777776e+02
1.490472125976625080e+02
-1.281347276697821940e+02
-8.360185412581191144e+01
-1.322844653359640290e+02
2.739877704106725105e+02
-1.523194853896925451e+02
1.126680296881048378e+02
5.215822920821766502e+02
3.460305769847791453e+02
1.514225621878407253e+02
1.489072734201477033e+02
9.808835855097381682e+02
4.604731015472291347e+02
7.228588350092660875e+00
9.040421629131361669e+01
2.520022329815644184e+02
3.522013780079929006e+02
-2.406387132163701779e+02
7.666675920514352072e+01
8.691562979050797821e+02
6.504503018981235982e+02
3.744306903922808374e+02
5.695215066600104592e+01
4.633463487554408289e+02
5.317447537882917459e+02
8.791748043612243464e+02
-2.970736970597261006e+01
-1.041332345885724067e+02
2.816730572455088009e+02
1.619227028531378778e+02
5.601820329022581291e+01
1.463972162417345828e+02
3.678401985482216787e+02
1.412552624621848167e+02
5.235177113063659817e+02
-1.987519579525478548e+02
1.825259767122892072e+02
1.107485134521904001e+03
5.377631307205680287e+02
3.587856723314791338e+02
2.015426872048402060e+02
-1.900040163975622249e+02
5.813086672789219165e+02
1.993288331276886538e+02
2.744975657968630003e+02
1.864812080598291857e+02
3.300559949637582804e+02
5.645045519847503783e+02
1.919600023771216613e+01
8.503023309755187142e+01
5.639575648645507044e+02
2.481084060329754237e+01
3.470091047478885571e+02
-1.015012796866849101e+02
5.454531155373833826e+02
3.213129562048691241e+02
1.284771722831535214e+02
2.743408858899364873e+02
1.047474376497184494e+02
1.850729704371148046e+02
1.717271296715585152e+02
2.285703219321155188e+02
2.322720125570307914e+02
3.492632145606963832e+02
9.867161872891867347e+01
1.037125456807667803e+02
-3.528239971157135528e+02
6.233936048457181869e+02
2.434799799338493358e+02
6.487220535849505154e+01
-3.394707712725602278e+02
-6.799411168884166301e+00
2.649878669488591072e+02
3.341608381768790537e+02
1.395001556829056710e+02
3.894749047807084708e+02
-1.706232534493271373e+02
-2.203309372741642846e+02
6.451916379847755252e+02
-2.051181811668282648e+02
-2.726451655999633203e+02
2.140978806959155918e+02
3.527399316201042438e+02
-1.266561066496506527e+01
1.660864747260742718e+02
2.751854320256780397e+02
-7.367225379288899489e+01
2.464438060451046795e+02
2.664556629340591343e+01
5.775277415877906151e+02
1.672850693609986763e+02
7.302661018960375827e+01
5.158185495779661096e+02
3.408474785303839099e+02
3.243768329157754238e+02
1.895564419695425613e+02
3.755300929773677012e+02
3.540593897796366036e+02
-6.612255991334102134e+01
2.596955683010576976e+01
5.047513654365000093e+02
-1.182526310031632732e+02
1.950156720879647025e+02
-3.071441125110724712e+01
-1.095587431210355760e+02
4.201612430560159339e+01
3.354581690897647377e+02
-1.925558307678958272e+02
8.085825601939480975e+02
7.243413689546064234e+02
1.166680261853438424e+03
1.568832068802378785e+02
2.542749752669664076e+00
4.716579761607631553e+02
5.749161092642855238e+02
2.750913973987911163e+02
3.621436849403961560e+02
1.277347157494260159e+02
3.332911671543730137e+00
3.550652215223681196e+02
2.614821781195453241e+02
5.785189623150920397e+02
-8.022915353745253242e+01
-7.148898948915767448e+01
3.411814083430498385e+02
2.938628806109610423e+02
3.809967373046981152e+02
6.328330635034993747e+02
1.427594892300729157e+02
2.669102161179819177e+02
1.128649221553081361e+02
1.499290166886444524e+02
1.038101437795963193e+03
4.823370218278342350e+02
6.198999338030056379e+02
-6.659945968818036022e+00
3.526587412441473361e+02
5.596313149409209018e+02
5.069670243141874266e+02
6.194668534754516713e+02
1.604493274153661559e+02
1.045559272857199460e+02
1.014594220067032666e+03
3.548815357716907215e+01
1.173884751809171576e+03
4.000309606433074805e+01
2.748925070984111017e+02
5.230683109719300319e+02
5.683653317270128724e+01
2.563053339609998034e+02
9.430056633227837892e+01
1.580493856392214127e+02
5.014600705384386856e+02
5.529644034034336642e+01
9.949632123057395461e+01
5.518717300022182144e+02
2.997374099157690353e+02
7.889602969002189070e+01
-3.963310506995726428e+02
-1.635858438418926539e+02
1.773997563414542924e+02
3.064350043064895885e+02
4.761712037124879657e+02
6.169789031532849322e+01
3.157218362028582987e+02
3.780369985639756578e+02
3.466047100166966857e+02
1.864220833595007321e+02
-7.200740574066620070e+01
2.153207328274788779e+02
3.758493702083688959e+01
-5.181834668756913942e+01
2.232733804698445965e+02
2.166344101415338628e+02
-3.570371269340773068e+01
1.602144818717863757e+02
7.143734743891721450e+01
-6.262258636336225237e+01
-1.594574983619834825e+02
2.138010642949666362e+00
1.406667084583216365e+01
1.765203985028133715e+01
3.509015433597514857e+02
8.217567554235074567e+01
1.520727907385924595e+02
-2.037236698545953004e+02
4.980763244253136577e+02
1.148070332699564915e+02
5.313865759589372573e+01
4.319086776427302254e+01
3.693319563693109444e+02
3.176608911548029255e+02
3.799092042490227641e+02
2.253075333666035931e+02
2.816760072683742351e+02
6.919984167774840955e+01
5.276917314242996326e+02
2.412016206957679287e+02
-1.445026467847278582e+02
1.227298594614845086e+02
4.673479225060117983e+02
2.095212827430466120e+02
1.475481251186419911e+02
-4.770344525262393631e+01
-3.513538244582974244e+02
5.214187947575358066e+02
3.664430984799749922e+02
5.679460803361702403e+01
-5.790648217819195054e+01
1.618978274054384414e+01
1.392100274676966819e+03
3.526293869980626710e+02
2.590240060585285278e+02
7.960168253284143702e+01
1.579936156980327837e+02
4.557202664506094152e+02
-2.476790735877439147e+02
6.344217514747739415e+02
3.590460846352101498e+02
3.544057331287896062e+01
4.454738650122976651e+02
-2.215193896522317800e+02
2.610184829375468212e+02
2.712695655917558497e+02
1.530276269580552935e+02
1.003020915851903624e+03
4.562450048150202520e+02
4.456220115007046729e+02
3.394505883779080477e+02
9.170799150775306430e+01
2.229850903337431021e+02
1.610265085598065582e+02
3.154669629225272161e+02
-1.519178595834432599e+00
4.517926929766887270e+02
2.046403848745661662e+02
3.668577812650376302e+01
5.650751585465373239e+01
6.331021758768066547e+02
-1.196968536965674588e+02
5.541649437945534373e+02
4.208396240420693744e+02
1.124618616297784968e+02
3.652046527089241863e+02
-3.138697550168133148e+02
7.715218832900503685e+02
2.995556035040351048e+02
4.163239146402649027e+00
-1.099205225458176614e+02
3.403856070960326292e+02
4.594090062910545669e+01
9.356346190953291853e+01
1.627938345323286171e+02
3.796845214334847469e+02
2.228770047275241382e+02
-2.079841939008364449e+01
1.023760132937336948e+03
-1.412314776956799562e+02
3.810628056252979832e+02
5.212671490908005580e+02
-2.942263013633291990e+01
1.511500446354441181e+02
3.508279975121815824e+02
7.686942841097835810e+01
1.619529078018610733e+02
6.895431008490828617e+01
4.374437461357167081e+02
8.949912853574717531e+01
4.836981664153479983e+02
2.947136030581830255e+02
4.932497795726318373e+02
3.387744909873166534e+02
2.310638705752513147e+02
-2.151785350130071208e+02
4.644209436403766063e+02
-1.383418154302908079e+02
-1.271227488425836327e+01
2.205002234987191514e+02
-3.843965391082085148e+01
3.920379358699191243e+02
1.710079336128638090e+02
2.051225071534254880e+02
5.153753172011658990e+02
2.012434036100263199e+02
1.566348989618202836e+02
4.526634663911184475e+02
9.717777788033372417e+02
1.910607513619801523e+02
1.512619384254267629e+02
3.016187512913984961e+02
3.717974897064692641e+02
-1.959426884650597458e+02
4.219417868595133996e+02
2.402966450947058377e+02
3.541391440657205862e+02
-2.910233946823772300e+01
7.058035469863830258e+01
6.265971973738239740e+02
4.981374233685851038e+01
2.999173113228117700e+02
6.460515598792164838e+01
8.615125018143174884e+01
2.272497162051556785e+01
-9.042228670425683390e+01
-9.381099850238952342e+01
-1.166510600331370995e+02
2.369593333725026980e+02
5.037661967914886532e+02
3.893225032688230840e+02
2.639655750752181689e+02
-4.072527834289010116e+02
-1.004004958746885876e+02
-1.723327772310675243e+00
1.966284248631884566e+02
1.028915931647321486e+03
1.209993238192076888e+02
7.134167630048719957e+02
5.632870784225829084e+02
3.290589447685550226e+02
2.879027574526052149e+02
1.819575112981773941e+02
-8.891114461346127484e+01
2.065013766240171833e+02
3.988981545779084854e+02
2.974622639186436572e+02
-2.116510900484275339e+02
4.117457366024869003e+01
4.375513604970545316e+02
-8.727526159349960011e+00
3.330611137630761505e+02
6.081348767833527518e+02
-1.195158433565091798e+02
3.910351397860048905e+01
-1.903564751189005904e+02
1.465775455233690536e+02
1.381592722004455709e+02
4.392879674209066820e+01
3.980944739765450322e+02
8.156877887793285709e+02
6.628283036185940773e+02
3.228106066047158151e+02
3.233750619440413629e+02
1.385714549197038536e+02
-7.017952886986550709e+01
6.286697174625439999e+01
7.799368281126716340e+01
8.590940726277667636e+02
1.092782258291812525e+00
-5.170494961531038314e+01
1.726894093306028140e+02
4.066974811000621344e+02
-4.638349912216386173e+01
5.300645666575724135e+02
8.104958933888083266e+02
-1.940320842733204643e+01
2.430410517089408131e+02
1.856864196446505559e+02
5.355193463708556010e+02
1.045517360133576688e+02
1.095125537595154981e+02
5.050122152179338855e+02
3.447917809168603185e+02
3.777226680372527312e+02
-9.902161622600814894e+01
4.211176512215819798e+02
5.929976901930392614e+02
-3.527722393220705754e+01
3.354214219417534082e+02
3.374804954171147529e+02
5.224922814814502914e+01
5.124954090617631408e+01
-2.507280390844601641e+02
7.368302449436609436e+01
-1.846598433655883014e+02
3.098144823932809686e+02
-6.388275316740310217e+01
1.217725813379406361e+02
1.007121237795192599e+02
2.401234030047176589e+02
2.663769688773307962e+02
3.668618157024220068e+02
8.760963989867036616e+02
5.859498296338942964e+02
3.998416544280484572e+02
4.370264693640587552e+02
-1.697811197209889542e+02
5.778578522556977077e+02
2.225067275026031837e+02
-3.229635218219314652e+02
1.169285213328469979e+02
-1.587451180246497415e+02
6.348131221338543355e+02
3.275972996229478440e+01
4.781353865412133928e+02
3.009311299751252591e+02
5.157721756061187079e+02
2.066516650030393691e+02
1.437060121545445099e+02
4.306842857490285326e+01
-5.729017450303082626e+00
6.509111658355838017e+02
4.546803438637480212e+02
5.241136937252094867e+02
5.413834500470879902e+02
5.734039867139252067e+01
3.596622308399219037e+02
2.068079144828083713e+02
2.386328735793292140e+02
3.860304602755130077e+02
8.222964454350308188e+02
6.471151294012813651e+02
4.861254151514982595e+02
3.070136079049933073e+02
-1.301310213425906852e+02
3.264069292310085757e+02
-1.011345544225051540e+01
1.893923019763187767e+02
3.787036864644678076e+02
2.790470144939740038e+01
5.022916272801935520e+02
2.784465918149419963e+02
2.705572434093498373e+02
4.173789936049435028e+02
-4.814736072746785567e+01
6.896855350955123640e+02
7.672780834630925995e+01
4.695231506394825374e+02
2.906722923203538045e+01
1.291592017122097786e+02
1.446650199658886891e+02
1.897679390793596781e+02
1.636571581706575387e+02
3.227644377712381925e+02
1.468869148065023467e+02
-1.196390974841631163e+02
1.355241274099155930e+02
1.766703762176277337e+02
-1.852472533064677123e+02
4.549633836197521646e+02
7.338543712287935250e+01
5.846184318437098000e+02
1.755331216215271013e+02
1.511196308315600447e+02
5.349755102813406893e+02
4.906905187269018711e+02
4.790725035980146345e+02
6.469579694556045979e+02
-2.020129215304300487e+02
1.609710418029603147e+02
5.118719368234428657e+02
7.801335253246125490e+01
7.545659147386245991e+01
3.112882421825387951e+02
2.261003058573071485e+02
3.344920008829626568e+02
1.657143526809649643e+02
2.312773180562931259e+02
2.272068970121215727e+02
2.429638479164320302e+02
3.345666899086624113e+01
3.295922519834550712e+02
3.880309982942976177e+01
1.367585309507194324e+02
9.215632197520227464e+02
2.663503378834180353e+02
-2.943352110541715660e+01
-3.731473535644556137e+02
1.992422529450585102e+02
1.290224547069207688e+02
2.616752929073400082e+02
7.286957650758462250e+02
2.176257696080088806e+02
4.304038751703674279e+02
-1.975254562338672599e+02
6.490400443343635288e+02
4.619630526357670988e+02
-1.095965425932787412e+02
2.311615036601210136e+02
2.910735301384663671e+02
8.183844772820819458e+01
8.620395187445754459e+01
5.665501383884852658e+02
-2.214232487827517843e+02
8.460795439337902053e+02
2.109390490602340549e+02
-3.744761538987106064e+02
2.309772218605568241e+02
1.231552548341996271e+03
3.248481100805865367e+02
1.935290557004437062e+01
6.300826458835651067e+01
-4.164975784436648496e+02
6.368421611783870731e+02
2.842538674245184325e+02
8.186972163649279537e+02
5.175412149289724084e+02
6.669154389968379064e+02
-1.100237200826379222e+02
1.555454585144034354e+02
1.874068150586321053e+02
3.348574458226984234e+02
5.771315328205180322e+02
3.047651509057963040e+02
4.854621189252260365e+02
2.540653386096724375e+02
2.041903679742207487e+02
4.803184336528457266e+02
-1.019174123874384179e+02
2.580408590727470255e+02
-6.984500197801799004e+01
6.443765167972004804e+01
-1.669208956385972158e+02
1.292666469122995750e+03
-5.002347629541087315e+01
1.321206670680776369e+02
-1.661460901981538640e+01
2.368929686128842320e+02
1.977213495365066365e+02
1.735625537477868079e+02
5.547812237632841743e+02
2.837684161477382077e+02
5.892273481965955853e+02
3.651608114792850301e+01
2.952283845898780612e+01
3.263767384592312055e+02
2.798592213940182916e+01
3.403944504579955037e+02
3.505754147526415068e+02
-1.715306247190965507e+02
-1.575561673301397292e+01
5.741785717615564408e+02
5.368109924750796154e+02
-1.390659164736228774e+02
1.637255317665839129e+02
2.988751451807804074e+02
3.706821887130250843e+02
1.796742521936356525e+02
3.269010297627983164e+02
6.219472442409952464e+02
5.324953337017693684e+02
4.160949639225943884e+02
1.959903443330393884e+02
-1.238799892706206407e+02
3.073900537094537526e+02
5.570516302328239817e+02
1.221928972648536060e+01
1.137091784408931119e+02
2.937734981316471021e+02
