-1.004754785588361443e+01
3.110528575276907759e+02
8.036794222649524500e+02
-1.299486784561688779e+01
8.087761626580609118e+02
8.966265652096992653e+02
-6.176288793377462838e+00
3.825097772777194223e+02
2.228344372280733978e+02
1.191682268514736506e+03
1.169676156079357838e+02
3.120547062504275573e+02
2.356127515006881623e+01
3.026893699336712871e+02
1.386362541613130475e+02
4.987491854652272423e+02
4.917853836971897863e+02
3.508454393837342877e+02
5.861102447575068481e+02
3.048999435252053445e+02
2.358458131615172420e+02
1.021177189553689004e+02
-3.948762632039105824e+00
2.609835450837853728e+02
3.202764182236128363e+02
8.431696529811683831e+02
5.819561203313448914e+02
5.653605657496730146e+02
3.070102017111030364e+02
1.330524907839344451e+02
4.629167626115831240e+02
9.629450507310284593e+02
9.122980634228257486e+02
9.241865461161570749e+01
-2.432607403939893231e+02
2.228966908024755753e+02
1.846723369287530048e+01
5.474541988557808736e+02
1.285473067355890180e+02
5.012523295682241837e+02
2.149029192940825084e+01
1.010109603459949597e+02
7.199052679205659615e+02
-3.304273217324044936e+02
7.316613782906523511e+02
3.474187607022448674e+02
4.742766946229064615e+02
5.671545409344769269e+02
2.367380388003904272e+02
2.870901325608342063e+02
2.362917866588754805e+02
-7.570050877619416951e+01
1.226508869606134056e+02
4.350674818168300817e+01
-1.164614090178626498e+02
3.855738831294610804e+02
1.012074535387932997e+03
-2.256658782445354063e+02
8.815257732521292837e+02
1.131315269230468346e+02
6.762884119762620685e+02
1.266270038033072183e+02
8.748065162059835984e+02
-1.607178463837734625e+02
2.708829345078751203e+02
3.450124013688736682e+02
1.282215110712092212e+02
2.055275422862139294e+02
1.833258373556989227e+02
3.544566194483675758e+02
2.302872193352062880e+02
-1.682032569025819271e+02
8.844974873470820285e+02
1.660198850970504623e+02
3.848263799258123186e+02
3.520711729317464460e+02
5.445992927786881665e+01
5.931583992500895874e+02
-7.701210731104636409e+01
4.691719999798078788e+02
1.023194806267710646e+03
7.883372028172092882e+01
4.897161047590374778e+02
2.712987896375400396e+02
-1.449030322477149184e+02
3.540620471246933221e+02
1.067299040533563584e+03
1.224767583453490829e+02
-1.436812899879500662e+02
4.154491835898262480e+02
7.923723780272560191e+01
4.679846385681535708e+02
1.535244970890612137e+02
-2.398308363907850449e+01
3.260435095577311699e+02
6.293752110883768864e+02
-2.274839863012255137e+02
7.089170695765575374e+02
1.172436946343545287e+03
3.257505073406979790e+01
1.979014138248625443e+02
-3.373335474434756520e+02
3.918177226933046313e+02
9.208329408374668219e+02
1.014336638130644843e+02
4.145324253784360167e+02
-2.195816107221500602e+02
-3.889281713186202438e+01
1.533573290331389103e+02
6.175867937486563051e+02
4.938325390485890694e+02
1.591337494972492834e+02
2.514756822577614059e+02
3.325210610275618706e+02
-2.893222156088354495e+02
2.984115711396211736e+02
1.697108764050335310e+02
8.087426024061936687e+02
3.173417594150092782e+02
2.823795241462418630e+02
1.446105252930161100e+02
1.647294478246884921e+02
2.424776694755418589e+02
-1.549768329091059229e+02
4.498231394081066696e+02
2.255507265395230547e+02
1.059087512087402416e+02
5.018604680743031281e+02
9.636960951043323576e+01
3.242751984991750192e+01
2.773749315032538334e+02
8.115498799603186626e+02
6.831991958556533291e+02
-8.109883900810945789e+00
3.618918391575263058e+02
4.195863102663353175e+02
2.017487104532520732e+02
1.855009330352403083e+02
3.932838841479205598e+02
3.397640967057426451e+02
1.797580381819029753e+02
9.415889007198531147e+01
2.279437204526959420e+02
-3.951558460406928930e+02
3.990009016851126944e+02
-1.284493675744739107e+02
1.631067580805514581e+02
4.661493916192773668e+02
1.077260073550987443e+02
-1.513745460229849300e+02
6.137833983432391278e+02
5.920699597277325665e+02
1.834644454331698569e+02
5.119452595093116543e+01
2.911813078894143132e+02
3.796237017646867002e+02
4.037612614318582871e+01
7.333285939528221888e+02
2.658369601571607177e+02
3.782264140070195140e+02
2.284654034738666439e+02
1.202018317132423363e+03
8.476982883271366518e+02
1.653037523793427397e+02
-4.443889501902591377e+01
4.647592213833169126e+02
3.672229677381685633e+02
5.050789049862131606e+02
-8.793143202702736971e+01
5.944838333832525450e+02
-5.743267902591222196e+01
2.407124165935952931e+01
3.623520542183557041e+02
5.607834621273431139e+02
4.653581593576156479e+02
-4.185884573674509852e+02
1.685099093881784995e+02
6.064119516636551452e+02
-4.968354669224375186e+00
2.393743131901238144e+02
-2.299597226905451066e+02
3.067403305714752833e+02
1.264980883105101128e+02
-1.987780323047394404e+01
1.041554414140253755e+02
2.271805814826530252e+02
4.895687826069742528e+02
1.225147553198122296e+03
5.643114062442302838e+02
6.293677413334817174e+02
6.914146720907747579e+01
7.217940625197744566e+02
-7.196877429840303364e+01
-4.284155377938033098e+02
5.608678618751932845e+02
8.904456286532657714e+02
6.774631139095031358e+02
-1.241036824152861158e+02
-7.267147944601241250e+01
2.689478942109991522e+02
1.974628633585050750e+02
1.240425567593624123e+02
1.658704207055847633e+02
1.173865397101724284e+03
2.503042644527623679e+02
4.516087831551977843e+02
1.764837104605417153e+02
-4.187768973700988084e+01
3.878610772817618226e+02
1.809912807697650408e+02
-1.318426485307690825e+02
4.102853251606120466e+02
-3.939379492019188689e+01
-3.569993516858407929e+02
8.036818646674186084e+02
-2.986513897402170414e+01
9.722102139300350245e+02
6.252737303927798393e+02
-7.112186305300284062e+01
2.238016644759504103e+01
9.710317483172332231e+00
6.391212943453368780e+02
2.997978414851944535e+02
7.343438839393744502e+02
1.617933967444765244e+02
7.023701252561918409e+02
4.622525942324705852e+02
4.250495149352381077e+02
5.202390004779621222e+02
-1.896247291613244812e+01
-1.550506818902900363e+01
1.673628641398022978e+02
-4.628271485033546355e+02
1.538872063420303675e+02
-1.401773528438827441e+02
6.684510500146172944e+02
4.736112296354764339e+02
5.100772632012415215e+02
3.223463064021110540e+02
1.581477895391170989e+02
2.901678083626157445e+02
9.712644431985542042e+02
1.698929343168852597e+02
7.149877343280767263e+02
2.121132431747087139e+02
1.007131152690168108e+02
1.135194177857453042e+03
3.647649436926334232e+01
6.531975555362512296e+02
6.486600407934062105e+02
7.932367166062215347e+01
2.419696974250843198e+02
7.023385888450846437e+01
7.457007957351939922e+02
8.433510649523892653e+02
7.829404075542406645e+02
5.359047385458850954e+01
-1.665149471564740509e+02
4.870096104023230055e+01
-1.211220470776753189e+01
4.731641781057840035e+02
5.583410067073297114e+02
7.096233488901491455e+02
3.437750203939070275e+02
5.216813995039905194e+02
2.131270697852697822e+02
1.775704482079472086e+02
2.997831012823882446e+01
2.156235195623484913e+02
7.597992030978040248e+02
5.016238456047426553e+01
3.075396858607400645e+02
4.744200761765591778e+02
2.467787235923474327e+02
4.912121479074641002e+02
6.065734277238894947e+02
8.054492912812091276e+01
-8.074725043682653336e+01
3.973124861355807411e+02
3.661430015526393049e+02
5.819488875515380499e+01
9.056758023677347182e+02
3.633055488454282909e+02
-4.745121068642919937e+01
2.404580486593336559e+02
6.502549047197985601e+02
6.141548443578204797e+02
2.821910618805148943e+02
4.609419335450972994e+02
2.132475734032922787e+02
8.820999830234410410e+01
6.400620336148348315e+02
3.133174347662743457e+02
2.468503359230002729e+02
-3.645190709101104289e+02
-3.031221951871954730e+02
6.617502518963887042e+02
3.721484774194120746e+02
2.401809944648857709e+01
5.128302876667770533e+02
-2.666803081782405798e+02
4.671823138914261619e+01
5.311049124521596241e+02
2.211505382954989329e+02
5.659855891921323519e+02
2.616835784136808343e+02
1.896916983196920512e+02
1.514324585327532589e+02
1.902164781876137170e+02
3.542897766576143113e+02
1.037952806701340336e+02
1.733962866000476879e+02
4.504271663093941243e+02
1.440000059751237984e+02
-2.177492713527026922e+02
4.282136031457162630e+02
-1.895712974665736965e+02
6.126919134617330656e+02
-1.579324666230456842e+02
7.991784135892863787e+02
7.084893623306192012e+02
1.441040071063945049e+02
-3.298849510904242379e+02
-3.257484540661500887e+02
2.739572289878776132e+02
1.075534572739641135e+03
5.964970053146093960e+02
-1.587672478106924814e+02
-1.354796498338368735e+02
8.434404607376263812e+02
1.240880354145802812e+03
2.373460898585420011e+02
3.266875721106314359e+02
3.972523038024248621e+01
1.870042254697243038e+02
4.149532349781361518e+02
-1.987461745177493100e+01
-1.505007961438460597e+02
7.565906091880870576e+01
2.243771230219378481e+02
1.077738494522964317e+02
3.666159560284871759e+02
3.669003507707773224e+02
3.352566123830965807e+02
1.677413327016154483e+02
4.732404448366298766e+01
1.483042937927953631e+01
-2.994512074103847681e+02
3.462863649942968323e+02
7.318683371459835030e+01
2.940150160376962063e+01
1.262938192353733484e+02
-9.838829422062985941e+00
4.315977327211282955e+02
-7.804715204158414110e+01
-5.398294606368007464e+01
6.335514810012488169e+02
4.642279575923380435e+02
3.991571343593022192e+01
1.729238813869180547e+02
-5.882126959665298216e+01
8.212218601806689549e+02
6.178244109711030205e+02
-6.007083990162426801e+01
2.229048305665444616e+02
4.497714489011880232e+02
2.760945236861339822e+02
3.775685110834814395e+02
2.232254034077882636e+02
6.463991369012624943e+01
6.601855280824638612e+02
4.231480954207508205e+01
-9.761483206342226993e+01
-3.761841896146090392e+01
2.454993251565053640e+02
4.673200931390708206e+02
5.087405083799136492e+02
1.931488604911019138e+02
2.262649996429335317e+02
-3.760874853839628145e+02
5.406228539344181172e+02
2.086843092560281718e+02
-3.332352052555754653e+02
-1.715576124645361915e+02
-2.604142387942727765e+01
-8.668839004844183194e+01
1.241678015402846313e+03
-1.700745228713805375e+02
-7.251062679772211084e+01
1.271188345991592428e+02
-1.267912092929930452e+02
-2.124749894409390834e+02
-5.231927204609877435e+02
2.015053072925057904e+02
4.980953852428767732e+02
1.523310403705231977e+02
-6.263518426392333822e+02
1.818553888047477187e+02
2.710855638691634084e+01
5.293896500985428020e+02
-5.113491527118263491e+01
3.344632853254610154e+02
4.634640738864824243e+02
-1.394088465667662149e+02
4.741856594909320393e+02
-4.523399429029469587e+01
-5.182867879752066074e+02
-3.901024272629961729e+02
-1.515846678862408794e+02
4.201067982032818122e+02
4.247226355476414597e+02
7.100170023958374941e+02
-1.826508592241696078e+02
8.123159633635095815e+02
1.086590269556521434e+03
3.746029326867922009e+02
3.689131214122413098e+02
2.705918965862518348e+02
-1.918680375513615672e+02
1.008895551356019809e+02
6.152060854104549890e+02
4.865885455971335887e+02
-4.913336113639379619e+02
2.331797902213157840e+02
3.639199800187800520e+02
5.393162577993555260e+02
1.448288935687112826e+03
-8.168262375049782520e+01
4.203983450970245030e+02
1.189942146234995562e+03
5.304209802141909904e+02
1.893008132096713609e+02
6.678264628142248966e+02
7.189717670640476399e+02
3.312984979173514830e+02
5.003302722128819937e+02
5.300477797693869206e+02
1.239105653758483072e+02
-4.347383301579655068e+01
8.851216109046404767e+01
-6.100330699889155994e+02
1.210519906048659095e+03
1.220878162784591723e+03
1.836675193870890439e+02
8.500553186054844446e+02
5.165175816383175516e+02
-1.005087628369252855e+02
5.421734944159755969e+02
1.796353750328288470e+02
-1.173046391374609527e+02
4.090120565938116215e+02
1.535120150836179391e+02
1.934809490281277817e+02
2.930710175660676953e+01
2.615320741525708854e+02
-2.849835409755472710e+02
1.021068565910545090e+02
6.264569491568056492e+02
3.631132077218195491e+02
-1.270584572217097730e+02
-8.397788895393987332e+02
-3.475344311627756611e+01
2.884052446350424930e+02
1.421901810232731691e+02
-6.291461850174104597e+01
1.286113895685373336e+02
6.305773295969438408e+01
7.799721240639357802e+02
1.709408269045696329e+02
-1.961258941690342965e+02
4.088721950943468642e+02
1.019807075660456235e+02
5.671028519095380034e+02
2.901757788647429237e+01
7.035604786313803061e+02
7.486910906586781778e+01
2.413565693661684008e+02
3.137460823387693836e+02
5.384226305336513718e+01
5.388985025691885085e+02
3.411073051421664104e+02
-2.622469169754535301e+02
4.432177582182281981e+02
6.132122701775804217e+02
4.723791176372133123e+02
7.333247579197837922e+02
1.620435432091364589e+02
-9.078427722098781771e+01
-5.242548917667810571e+01
3.186097803155631709e+02
2.355189902128757637e+02
4.540191946960721907e+02
3.552095421840156746e+02
-4.820943121103294260e+00
1.083701311406241246e+02
8.135193608502848974e+02
1.603259828050354940e+02
5.182866155043394656e+02
-2.648938558691481262e+02
5.802164899069503008e+02
3.895014274091813888e+00
5.422319697095679913e+01
8.892784711624985050e+01
-2.488506427137162973e+02
9.558187976063197766e+02
2.658639669630285312e+02
1.416609475050094034e+02
-8.390545534231912939e+01
1.880844862347826734e+02
3.219997888551205847e+02
7.250142381051922484e+02
-2.243665096909024896e+02
-4.461933303590187450e+01
6.156305103789040913e+02
1.178165730768467654e+02
4.328101744122039918e+02
9.228047253226556279e+00
3.266795783178942258e+00
2.083220560931644911e+02
7.336999692753742011e+02
2.208384655527025302e+02
7.670493980268784071e+02
-6.887219838659216009e+01
1.758376844752719137e+01
1.707106861085773346e+02
4.984388831082943057e+02
8.014813612277121138e+02
2.457819547143871546e+02
-8.728907105022497603e+01
1.457862180898588633e+01
3.369219941406081489e+02
9.674351469876130523e+02
-6.977542651410077497e+02
2.133927453752271219e+02
2.317304486917338409e+02
1.116004049775535236e+02
-3.503733444750637887e+02
3.354235858368943468e+02
7.775755667547282428e+02
-8.731571058567720911e+01
8.364745776154256873e+01
6.965285929869638721e+02
1.938538891038057344e+01
2.107776425359525945e+02
1.057497076540816806e+03
1.011386080179727401e+03
2.061223111889866573e+02
2.788348653976171931e+02
9.207271133288454621e+02
-6.119856902429767160e+02
4.261605255715368799e+02
-2.511162959657281135e+02
3.340154733415840127e+01
6.145848449610432453e+02
-1.053039216718972568e+02
4.084326971175174776e+02
6.802378268756145019e+01
2.886999922763373547e+02
3.487839729343309045e+02
2.861826427222175084e+02
3.656885915224911514e+02
3.326881561603304931e+02
1.740144511298842929e+02
-1.104207712184171442e+02
8.515223177920769615e+01
4.133770716569413821e+02
7.750194365317383927e+02
6.255849427889218077e+02
-3.290947360279405984e+02
6.090096966294680669e+02
-1.592052298882311447e+02
4.925132901623994712e+02
1.142858786697679307e+03
-3.782428239677402075e+02
8.325965219864393418e+00
3.010182129460289389e+02
-1.270937179991774713e+01
6.905793136253939792e+02
4.827723604378795130e+02
1.763221653122281225e+02
-2.401326355238670729e+01
7.301894032485703292e+02
2.509503938512035575e+02
4.119133049362058046e+02
5.074397641846800298e+02
2.988177344029200526e+02
9.815603012029948786e+02
3.236594249770779470e+02
1.908972385299383916e+02
5.272167126545945166e+02
7.724215664544522042e+02
3.478203004050155300e+02
1.379244666791564100e+02
-9.430035940243784864e+01
2.704713491970661039e+02
-7.805543547015460604e+01
2.132301704021414821e+02
2.583513095662099204e+02
1.372703608132942236e+03
-1.161507367767263332e+01
3.837240243864737010e+01
6.471373693586989475e+02
4.060250905156324279e+02
1.093922242860095793e+02
1.209984729843376954e+03
3.477588403848826033e+02
4.148644382900861842e+02
-1.848941987008689125e+02
1.895376678811475983e+02
3.918785425434613785e+02
4.021943717157910214e+02
2.663404249817063487e+02
5.629939280753990261e+02
2.043469397140640638e+02
4.315008066992708109e+02
7.060395311717043114e+02
-8.465934148240694412e+01
7.946150020691308669e+01
4.850161816653795768e+02
1.560521074310210849e+02
1.790086585614743626e+02
4.700672090438145574e+02
3.107357501112823570e+02
1.343200903505211727e+03
6.998103775337692412e+01
6.675700596879858040e+02
5.144619752165311866e+02
1.433424396541744045e+03
4.785569486943563788e+02
5.046008755154034588e+02
1.496539107317050536e+02
8.418088733079379153e+02
-6.060289866638083822e+01
3.242832992156095884e+02
1.668120213797583915e+02
2.324863857691093472e+02
2.454590377002795094e+02
3.145459049883846205e+02
3.578915761545175087e+02
9.029502904155803833e+01
3.072697437296728395e+00
-9.733020982738122484e+01
5.615934259213079258e+02
8.516818407750350843e+02
-4.776737001392531567e+01
6.629225847616513647e+02
-1.496789090571772078e+02
7.459673336630693541e+00
3.729683774588816050e+02
2.217489712368503945e+02
6.580944312334688675e+02
2.213555454716869235e+02
-4.399417818814711154e+02
1.915574149821497940e+02
-9.222240422810533289e+01
-1.803076412523690806e+02
-1.363861567326561897e+01
2.547374325980603658e+02
1.341542744998731905e+03
6.325928589665734307e+02
6.149575930553719161e+01
1.158361539212169191e+02
-6.817096640791906736e+01
3.918399661866463362e+02
6.770304496274553685e+01
-1.133076150849182966e+02
1.174529603224245449e+02
8.590294438415205036e+01
4.746935315733083485e+02
2.655213959291364745e+02
5.567769414114529809e+02
1.605083890712849950e+02
3.094861981152924955e+02
8.315489445069295016e+01
-3.160812217885601072e+01
5.218477361362955662e+02
-9.901836031218712719e+01
4.639530112845138206e+02
3.703144994126391794e+02
7.790160598204961673e+01
-1.753246285388420631e+02
1.748002605050049624e+03
6.172267908615252736e+02
4.225828817925357157e+02
-3.652145667514132583e+02
9.035046704986513078e+01
-3.357047897959716920e+01
6.978618235970731121e+02
2.684326932314384635e+02
1.391300570496895830e+02
2.012890754961963751e+02
4.124017293723229045e+02
3.186604517317180694e+02
-2.143027730027663438e+02
1.180907957617764481e+02
1.785282590301470975e+02
6.404686589807420205e+02
-1.447270775039292090e+01
6.499840195514275365e+02
3.675827667496358799e+02
1.494354930386966203e+02
4.310552113009254640e+02
-1.054402862998698822e+02
6.454901988938097475e+02
9.430099321797396783e+01
-8.581215863402918842e+01
1.349422640415043020e+02
5.646458095928719558e+02
3.081949658073435785e+02
7.765542224467257029e+02
6.820596186245646777e+02
-1.229583744738785498e+02
-6.808359110957921700e+01
2.855744662197499792e+02
2.872895789289069057e+02
7.534677446819173952e+01
9.881484144532414575e+02
7.751793827672481711e+02
-2.795754525992858674e+01
2.109721209568160702e+02
4.560669315783055708e+02
2.968079397602469385e+02
3.092634059811392717e+02
1.837684077606787127e+02
4.550046311640950307e+02
6.922985490114222102e+02
2.744658098512202855e+02
4.720737901838416519e+02
-6.809309710555490369e+01
6.233271035130311333e+00
1.069849260415095955e+02
-1.660473509391365354e+01
-9.499132925204730782e+01
2.355607685075565882e+02
-4.770709734380641720e+01
-7.461240869716249335e+01
3.743764819851429024e+02
4.080879363683937413e+02
1.153391665918328073e+02
8.213698628409039770e+01
-4.900066001313123820e+01
-7.853353693767439836e+01
6.833361272467184335e+02
4.562284174380644117e+02
4.314358363304398125e+01
5.391788011336608406e+02
1.974123061129882331e+02
2.470196223360659360e+02
6.017865578159966162e+02
4.415562697645513595e+02
3.160030286261554124e+02
1.175640689841426934e+02
3.026606856135798580e+02
1.590244490949607155e+02
3.334137880679697901e+02
1.090379925369650849e+01
3.470265234573151929e+02
6.543880016563939535e+02
5.433848907116318827e+01
7.282547813767652656e+01
-5.041841697807869309e+02
4.130062120085615334e+02
1.776063213061297574e+02
3.522892501847808262e+02
3.447238289684632377e+02
2.072047983473538579e+02
2.735685660250275077e+02
1.193027256805619572e+03
-3.462208879911777615e+00
-1.704709076212226364e+02
-4.439853611308495118e+01
2.340601526881437735e+02
4.435485357662507795e+02
2.421335620056420908e+02
-4.942052614166694013e+01
2.306624191977134046e+02
2.532664386450870211e+02
3.320936758266063293e+02
6.751054424485460004e+02
-7.252430230197001038e+01
8.167987626617635897e+02
-2.879764980244351591e+02
4.875702367375056383e+02
6.000385070014378925e+02
6.124871873271446248e+02
6.868178692884723660e+02
6.363193680220076658e+02
5.665739801811938605e+02
3.050845978274659274e+02
-2.536947674347657369e+02
6.149118949970578569e+02
7.270976358078952444e+02
2.025978990844428154e+02
5.316260680787760293e+02
4.019103215356402359e+01
2.316778291588176160e+02
5.073138689909956724e+02
3.086216034987290300e+02
2.153138955641489929e+02
2.258258125568807486e+02
2.350852179652949303e+02
1.027648143186933339e+03
-5.503476663458120584e+02
-1.879005368852169227e+02
-1.266015163392523135e+02
2.606397169173545763e+02
4.680190705445797335e+02
2.896793408547445097e+02
2.239489398174843018e+02
2.890491725186295184e+02
2.310446803951836330e+02
4.744391946624963339e+02
1.839008838760645119e+02
5.116796220640172237e+02
2.645056048335272862e+02
4.241195563537929161e+02
5.000813332228003105e+02
1.480233581910295584e+02
4.246100003942718217e+02
6.180381564936483301e+02
4.186180864000893962e+02
7.466772489281004255e+01
6.102097096240355540e+02
2.402214490684475550e+02
5.321866661101952332e+02
-4.041681400249194667e+01
4.358403610245123900e+02
4.902987903494118882e+01
4.836661286724381625e+02
1.464272104062111794e+03
5.894939340937287398e+02
1.055599417395723947e+02
1.789155953349145989e+02
-2.690599509215307990e+02
2.361735843468897258e+02
5.351924084283799630e+02
1.593462314595372504e+02
6.544434838174983042e+02
1.015540114499839603e+02
2.478914170665981089e+02
4.708542969314719926e+02
1.266506970021785321e+02
3.707195464685349293e+02
5.522284464185666764e+01
4.828171550535737993e+02
7.939109075894634771e-01
-1.370915427973956184e+02
4.313643368231954582e+02
3.685523812374667614e+02
1.563475509940719803e+02
9.032524974202880230e+02
-1.069024257647869547e+02
-2.331006390857708936e+02
3.527708421630805447e+02
5.298081163216606910e+02
-1.441400728739418184e+02
1.944806416154191311e+02
5.987485193391092935e+02
9.349149190452400262e+02
-1.779874905215996819e+02
3.960385344845285545e+02
3.228575240209601702e+02
6.831402288350691379e+02
-9.809423023703158151e+01
4.369615741051310351e+02
2.772509624128194901e+02
3.237319022662848056e+02
3.074295252154104219e+02
-2.882386683372996572e+02
1.650856567558637096e+02
3.155885534578481000e+01
5.350710034253353342e+02
4.622776745515829475e+02
3.330641285127534275e+02
-3.669033877443660430e+01
4.642836616310928548e+02
-8.613740293000950032e+01
4.087674433403989838e+02
6.018551455594880508e+02
1.218945244543870558e+03
-2.003263183576050608e+02
2.575029645648410224e+02
4.544959198659193476e+02
9.849259613471017474e+02
4.234248229952272027e+02
-9.311450769240508407e+01
3.891066398375247672e+02
-8.281509478439829763e+01
5.354617915687072127e+02
-5.007311458214758204e-01
8.776967245804403319e+02
-5.721088685981454773e+02
5.260980137124836347e+02
1.385005545180581805e+02
2.250103889749395876e+02
5.775985100201462501e+02
6.142119671170647166e+01
1.340589886569023292e+02
5.472811306524611297e+01
1.765951497132831349e+01
8.202005818037945346e+02
7.815620961996828555e+02
5.366938906925518040e+02
1.574489409547814773e+02
1.452946866099991610e+02
-2.026405521651790878e+02
6.435700697797959435e+01
4.742698269331928600e+02
2.460453911858985521e+02
3.594399421222969977e+02
-3.018184295150996377e+02
1.206058775213690097e+02
9.867168883158434483e+02
2.353044163576972210e+02
2.032772838142791443e+02
-4.938365985976875550e+01
2.195883734369992339e+02
3.324526649087106307e+02
1.262596041116553920e+02
1.867887083320335933e+02
7.761068488750596543e+02
8.347415449993978882e+02
9.786308919298811304e+00
6.228138879315535092e+01
4.503673553061991583e+02
-4.639751602104752237e+01
1.108266075174163007e+03
4.342056435329232045e+02
4.043257693034927911e+02
1.349321036608388624e+02
2.891588410788323245e+02
5.033400844420912108e+02
5.518212178818604343e+02
4.453166216138334335e+02
9.697791721911997342e+00
1.680684195033038009e+02
-4.477530098250018398e+01
4.288273602827902096e+02
3.880066954735418676e+02
3.174263486275386867e+02
-1.465689428261998728e+02
2.286127398054799755e+02
1.598570127594889811e+02
1.084576527284485508e+02
2.821546950281117461e+02
3.969372558298688318e+02
2.682892356694541149e+02
1.090395140129117408e+03
4.750811388820610546e+02
6.257831924242551622e+02
5.345031715478304477e+02
3.619072509950019594e+02
3.901487782273782159e+02
3.551021679419907287e+02
2.297236576967443114e+02
1.106788761967089613e+03
4.940626005318014222e+02
6.892437943772314384e+02
4.016228242383079419e+02
6.385019678421855360e+02
1.963879425848562903e+02
2.343518869033372027e+02
-1.351599962779318105e+02
4.054299773428302274e+02
-7.341949780774521628e+01
5.586628409191489482e+02
5.222321837527779280e+02
8.444780874817613494e+02
5.915596888316129025e+02
1.867900467308855639e+02
1.405475146542268931e+03
-1.993216287355279093e+01
-2.069081214385466296e+02
2.696559446484708360e+02
6.110065168380359637e+02
7.577595376486084433e+02
3.432403098009315272e+02
5.024090307917746827e+02
1.011622220622507768e+02
9.435058227973202065e+02
-3.195739219262140551e+01
2.277452741086059973e+02
-3.208855943041290288e+02
-1.950635757255519707e+02
7.533855116833133252e+02
-2.604930192997230733e+02
9.923072349125114897e+02
1.866538799885381366e+02
4.304978010050406851e+02
7.176076756403118679e+02
-4.282628959626165255e+01
-1.015241122104004603e+02
-1.132504604884078390e+02
-3.616223616858994205e+02
3.350993868463835952e+02
2.175297419466825204e+02
-6.260024113886704527e+02
-5.520792548512383036e+01
3.150314827520816721e+02
-2.807099679852493068e+02
