1.253883356659302422e+02
1.599540481173299042e+02
3.779430836631821649e+02
-6.080490188216767677e+01
1.636367508410364024e+01
8.399502197694579309e+02
3.486391157938119818e+02
7.741590092125675255e+02
1.850891418942892415e+02
-8.510540628198445745e+01
5.741752579611594456e+02
2.768760406942906798e+02
2.891484031165705915e+02
5.361747089796991759e+02
2.218939491076766899e+02
9.471632288293494639e+01
1.857465390747519223e+02
2.325212145155349788e+02
1.018823855191567986e+02
7.799830228015260047e+01
5.123333670363937387e+01
3.901940380533924895e+02
3.498624814360960613e+02
5.019560745992873194e+02
-3.289705252872074652e+02
4.956969724758585727e+01
4.533181050185658023e+01
4.759375928569874503e+01
9.626249556874141433e+01
5.961052834794745081e+01
-4.968085768216143805e+01
2.415033726901638715e+02
-4.388166873788496218e+02
2.381755862828283625e+02
7.848876184877925652e+02
5.550356501134781411e+02
1.406669100236563850e+02
4.674854873624470741e+01
6.563979799825998498e+02
2.812635298217722379e+02
4.281302613467200899e+02
1.915762169958715333e+02
-3.683523656707713201e+01
2.860285610769186064e+02
2.886013077966215405e+02
2.723939789983945730e+02
6.432112237965809527e+02
-8.304912273007440149e+01
-9.281935141405357115e+01
1.389940986202192050e+02
2.262769277685871714e+02
-6.781020791747664589e+01
7.529886103153411341e+02
4.949918900207412094e+02
-4.290389814754592521e+02
1.284695234579228327e+02
3.133687192133747317e+02
1.693019757890915571e+02
6.201430983910795476e+02
3.712714962937360497e+01
2.857004415771400474e+01
-1.187096766223663451e+02
3.808952760448419781e+02
2.363274978292411106e+02
1.449363674912580393e+02
5.434343696059108879e+02
4.511385783038019071e+00
1.644129203358933751e+02
-5.211335760837498583e+02
6.253627247218191769e+02
4.507581772415009880e+01
5.115433865939130555e+02
1.260106066693462026e+02
-1.250636608703354966e+02
4.005785869426188697e+02
6.335142594948916894e+02
-4.849873390804166462e+01
1.715707479564366054e+02
2.463893793518340658e+02
3.526892645864735982e+02
5.454556821689453727e+02
3.265765893024330921e+02
-5.220764722114969203e+01
-1.697827228835292885e+02
1.562331669610371421e+02
-5.668812733601052969e+02
1.931816739825720788e+02
-2.294831573336310271e+02
2.748691498510355586e+02
-6.598518552765089851e+01
2.186356426433004856e+02
3.278136572295620965e+01
2.356541566663050844e+02
5.915019412912628241e+02
-2.113057111372441810e+01
4.379009338119205950e+02
3.288772878396271722e+02
2.347755491830933749e+02
-2.185139673458891991e+02
-2.222652693447231229e+02
5.459053241352145278e+02
-8.452116317586549599e+01
-5.372242648762360204e+02
3.784329477594322952e+02
-1.460848140369287194e+02
1.739367353772986462e+02
2.284738401216406487e+02
6.472161904226790057e+02
4.009291955626068216e+02
-1.713651453068598300e+02
5.047972219625680168e+02
-3.076954889878667387e+00
-2.670046605284073138e+01
-1.027000563199514716e+00
-1.916342303661753022e+02
1.425754778885740848e+02
1.899600078331969044e+01
-1.971738743704230501e+02
2.623555420081281753e+01
3.798068091980061354e+02
-6.361065951645711039e+02
2.164635999616284607e+02
1.085426226247649737e+02
1.893799536779951325e+02
-3.406210556951685220e+01
1.439658626301705340e+02
3.651870373180224760e+02
8.069553561849979815e+02
7.249794567940069783e+02
1.390335094629986088e+02
7.358920036231404538e+01
1.400999356854647999e+02
3.045318277444493447e+02
1.525753679999237988e+02
6.736263697900477609e+02
4.055195306455164541e+02
3.174262595388009913e+02
1.546813694226957523e+02
4.589847712209798658e+01
3.304805831136310417e+02
1.914892723187082879e+02
3.410034572906563426e+02
1.214734803259414377e+02
2.103728323197809118e+02
5.121791305840183668e+02
3.830257520843515806e+01
-5.581433893513302991e+01
1.162828255648223319e+02
1.480490029129428535e+02
1.664921799088733678e+02
-2.958866307143211429e+02
1.141052827301727888e+02
-3.288566223302242264e+01
2.977779900032770684e+02
7.511385830458512203e+01
4.201576528525732215e+02
-8.092704726745444077e+01
7.224813785824273964e+02
2.100657923539043281e+02
3.854876694077513122e+01
5.279996866313890678e+02
3.967252459987876705e+02
2.400109002962852003e+02
1.446043895067822049e+01
-4.989760875492507353e+01
1.715819612244546306e+02
1.538781348342917568e+02
1.020042172402626193e+02
5.752605552681846746e+01
2.410901028838046045e+02
-6.314644712560792783e+01
-4.437819885872980308e+02
-8.872468073784190778e+01
3.462395591855477619e+02
7.183609761248717973e+01
1.785803172510951526e+02
5.469738843093551850e+02
2.263117151599279282e+02
1.912487953682397404e+02
-7.863836217300610087e+01
1.160334967224495131e+02
1.624091419957469782e+02
-7.505347747617240373e+01
1.798391105282730393e+02
3.871135248704306946e+02
-4.620935161894837506e+02
-6.838798977506183263e+00
4.271193387563759813e+01
1.733553080885761801e+02
4.538000304024212710e+02
2.670714825987772088e+02
4.507857326735752679e+01
-1.226664859293350958e+02
1.131731057761332693e+02
-2.579672062055905712e+00
2.266170356758472337e+02
1.275598497701619323e+02
6.186597393506815479e+02
-1.229405798311230456e+02
4.371871554524000771e+02
3.051127747660312366e+02
9.761090239064014895e+01
3.903891462059696096e+02
2.168397951997624489e+02
2.330748288571538467e+02
-1.946137579265568434e+02
7.709320258739600717e+01
7.200190034337366285e+01
3.425806164947302364e+02
-1.742982110341529278e+01
-2.495966677667308602e+02
-2.444712087427292317e+02
-5.049594756437145548e+01
3.137389161295458848e+02
5.436320341621844818e+02
4.023532893165340596e+01
2.111529943876664674e+02
-5.581345166167415783e+01
4.774181397200227934e+02
2.497022258457305384e+02
-5.494126195622161646e+01
-1.476446297795661522e+01
1.776364219874568917e+01
2.567629016942375415e+02
5.387921748157425554e+02
5.208033173176488617e+02
3.115148864196469347e+01
-9.526072379722555183e+01
3.020901566841905037e+02
5.437576042493183195e+02
7.444972134077346482e+01
-1.342089450633714591e+02
1.494285543941699927e+02
-2.978172621196046066e+01
4.604026441820038826e+02
3.774106064837326358e+02
3.476927178743528657e+02
1.520705000401265181e+02
8.235318771147444750e+01
6.471397421977575277e+02
-1.654523683810383545e+02
8.443190366536860836e+01
7.476705781409231122e+02
-2.278892122079651585e+02
5.211056927322398451e+02
2.417243624832474325e+02
1.414885167861857838e+02
7.336975927908648600e+02
4.122772245000695079e+02
7.657503313067388717e+02
-1.597964622619737440e+02
3.327251913253264775e+02
-1.347946352669860914e+02
-6.839751993641584704e+01
-1.148075522845082617e+02
1.870862254517277279e+02
4.598938461135041962e+02
3.867288038277891928e+02
3.934123005217310833e+02
6.188413170962551249e+02
1.880815500559263000e+02
3.752694038214114016e+02
3.763568751641221297e+02
1.129671240474219758e+02
4.156997008115673680e+02
1.797732987846502795e+02
1.989666757453574064e+02
-1.421430105402612867e+02
5.266777787407471578e+02
5.752401942495646381e+01
-2.533542541614605881e+01
2.791170656034565809e+02
2.323008225674133769e+02
4.123398032727233726e+02
-7.648977534264878386e+01
1.015318519916138769e+02
3.913271731738645940e+02
5.645791554019763225e+01
3.170305149249850842e+02
7.247880431882414598e+01
5.023042304480198936e+02
3.164763910864323861e+02
7.253597573107003882e+02
4.491033849832393798e+02
1.904712398516759464e+01
-1.155063421306746818e+01
9.936035259283903542e+01
7.094699400189028893e+02
-5.138540744763101031e+01
2.747071178844612973e+02
-3.382386287290060523e+00
1.925256304104585752e+02
5.230053260533770754e+02
-1.811250559712181598e+02
-1.243043721807283220e+02
-1.357610096621061757e+02
-2.181357322152800293e+02
3.838884118847691980e+02
-7.305139230389185911e+01
4.983217285989013021e+02
3.775596226722385609e+02
1.526562110037284583e+02
-1.507285921667626667e+02
7.225103874329958842e+01
3.155552153087245415e+02
2.056856433595800979e+02
3.677866017851245033e+02
4.275909469149571578e+02
6.099537482608321852e+02
1.038197241524841132e+02
2.277895373996603610e+02
2.752298857414363056e+02
2.342017527334650140e+02
-1.769747676098209865e+02
3.102735679469798242e+02
4.232848584986706442e+02
6.538636485633249151e+01
3.447816371550749182e+02
2.705563066977685480e+02
-5.086464042853773293e+00
-3.226179732744727175e+02
1.109667829470715645e+02
1.495584310279382976e+02
2.773809974608331004e+02
4.911817451277863711e+01
4.796074156010420779e+02
4.316558104051236455e+01
3.012595393388390903e+02
4.126554721976767723e+02
-1.489825570454221122e+02
1.112223950193908422e+03
2.815098663536579124e+02
-1.635261101477481560e+01
2.613679330701052095e+02
7.669405907848221204e+01
5.932418890799361861e+02
-4.445760314514991762e+01
4.693524123309084644e+02
-1.044722366095314072e+02
8.675945759181999506e+01
1.656671176162500672e+02
3.430898401173678849e+02
2.192741709656415878e+02
-2.034667396054689164e+02
3.743479005107171247e+02
4.496888336772931325e+02
5.194239211127054432e+02
9.114545653067684725e+02
3.115365673752300495e+02
-1.557286446712092243e+02
3.570850331386241123e+02
5.949016216593169020e+02
1.334691102348309641e+02
-1.113201470049713180e+02
-4.492738876843043272e+01
-2.087451486905341369e+01
-3.277314403539712373e+00
-1.196821834671042950e+01
8.333925218403278450e+02
-1.437466047561638618e+02
3.537811379146143622e+02
1.602795382750256792e+01
3.076003800476622700e+02
-1.766945390542970529e+02
4.138925581432781655e+02
-4.151188166156167370e+01
4.645960253687172781e+01
4.614329539366967197e+02
1.836166112640902099e+02
5.676055285704134121e+02
2.220140906479865919e+02
2.970629205294256394e+02
2.392592833658864322e+02
5.086550345214372442e+02
-1.128657842277891490e+02
-1.130939993854556604e+02
1.495425992106473132e+03
8.334861548292384725e+01
2.770320612271841014e+02
-2.252336405378040070e+02
7.061044483515163961e+01
5.829491607652710172e+02
4.929405231558340574e+02
-1.699321389866010747e+02
4.184147431981060095e+02
2.284128621328268025e+02
1.278155696804169708e+02
8.761525853803877908e+02
-5.156727165655489671e+02
-1.777707013984671107e+02
-2.947681216936929331e+02
-6.410310587839206846e+02
5.433554448429286055e+01
5.645877693484721931e+02
4.284877265803440878e+02
1.116172755150652449e+02
7.606664682079024260e+02
4.072113664700091249e+02
3.319638321563304828e+01
5.175976297484739064e+01
-1.706023483753132268e+02
-2.873827753178669653e+01
4.670105005825512876e+02
1.884215202581359350e+01
1.153222251365327793e+02
-4.993996462538895287e+00
6.237800885736456848e+02
6.506327733134622804e+01
3.742549225732716422e+01
2.343783534992934960e+02
3.276358592653989490e+02
2.292425908210495891e+02
8.132465664037251827e+02
1.001889193650298694e+03
-5.579396867211213618e+01
8.248339378927786356e+02
3.443077894834140693e+02
1.389450346582924567e+02
2.530433961343800604e+02
5.210664847997309153e+02
7.043761013269800060e+02
2.917718035072609837e+02
-3.788498347072231240e+02
3.125031508130998645e+02
-1.154657358459879504e+02
4.456474874983395011e+02
1.050266096886818588e+02
6.716010326468412472e+01
5.250058622114327136e+02
-8.401817256463326089e+01
1.844758871157701776e+02
3.348317731102420112e+02
1.246040139183631226e+02
7.226388469693633851e+02
2.627186841258043160e+02
5.513906567824718650e+02
3.430910982363065500e+02
4.352479538447375944e+02
5.243623663475995045e+02
3.727626302391225863e+02
-1.893333084459009967e+02
3.397882925153146516e+02
4.774980743065618753e+02
6.490115320495268634e+02
1.712373294109853532e+02
5.530667006382220734e+02
-1.144979945173166698e+02
5.963345632482046312e+02
-1.625127742182410628e+01
1.000634995647094314e+02
1.623466831030791866e+02
3.695860312552981668e+02
3.274273726320841860e+01
1.188508383498557563e+01
2.817323693200654589e+01
1.506281604693730287e+02
3.785832125056867312e+02
4.648732340500359328e+02
3.444992877464952130e+02
1.037353270731940142e+02
3.118763075208165674e+02
2.496413176465736683e+02
2.857473752859372240e+01
-1.626721254777993977e+02
5.950333571630986853e+02
3.188172891615483877e+02
4.602829170552010964e+02
-2.501961519636151365e+02
6.821941973527294749e+02
1.830718732531352089e+02
1.675190473135716118e+01
3.560610427332645145e+02
3.442342495441487813e+02
2.432775069070318352e+02
2.102826264353178090e+02
4.588388002297620574e+02
3.780620783689072937e+02
-2.789626400315468686e+02
4.130366981634873582e+02
4.222117723499584372e+02
2.627760977382612850e+02
9.230354055831402320e+02
-3.071169326807923028e+01
4.271003057235790834e+02
3.680100718895307068e+02
1.043367788878787792e+02
6.473863399765312465e+01
9.054462385635503097e+01
5.699097894776997464e+02
1.579429807579507994e+01
4.140648571545047503e+02
-1.882690460947892745e+02
-1.141213044255461853e+02
8.011282780437059614e+01
6.546875909997710323e+02
1.162078302413045776e+02
2.314991641185493449e+02
4.590727299459507549e+02
8.610938408548507823e+02
7.472585297482926308e+02
3.174799352248078321e+02
3.360084412562840157e+02
3.265041121204930050e+02
2.956837398410735318e+02
2.474033928120085761e+02
6.487418590657100594e+02
2.110487881871538889e+02
5.388875086659213594e+02
2.350954131643631513e+02
-1.298597247697780404e+02
7.045067511924088421e+01
2.628330952179232440e+02
3.632851065490236806e+02
-2.281283666052330972e+01
3.163309638824786703e+02
4.634001406774401630e+02
2.906014899791972539e+02
4.927039047015672395e+02
2.267920869716006678e+02
-1.339593343570858224e+02
2.644685984354970856e+02
4.388842285205030862e+02
4.023357279629609593e+02
4.652824845966346174e+02
3.582193802226653361e+02
8.946243607992220177e+02
5.072153172332302518e+01
5.087454828459314058e+02
2.223974294336756543e+02
4.049885170513823596e+02
-2.191145409963470456e+02
-7.717109420694890787e+01
3.311140945773341855e+02
2.293725915452033348e+02
6.982343052983393363e+02
2.026373032007955146e+02
1.519331697280277353e+02
6.688715434654142200e+01
-1.979573103948810626e+02
2.382043101102594846e+02
-7.545466143738239850e+01
1.133644265093570453e+02
9.655343324957823370e+02
-1.648162998454871513e+02
3.355679875864249766e+02
5.809411162895665939e+02
-3.208643474696697950e+01
3.402078738158035094e+02
2.872294786965355229e+02
-3.256422932698141040e+02
2.802183952659873967e+02
-1.528392671524104287e+02
2.720732832698637367e+02
-6.630109426612659718e+01
4.792808197190268515e+01
4.805296129445637803e+02
1.314924126640423765e+02
3.101204313679497773e+02
2.965728886102368733e+00
7.011767852001065648e+01
-7.070198859975459982e+01
2.948906760791373358e+02
3.447164127558319819e+02
-1.567817928277287365e+02
2.352390889310161413e+02
3.003923435329892300e+01
2.157741161354257713e+02
2.564016479881564123e+02
3.821966219286404680e+02
-6.579881193186474775e+01
2.198200631110213976e+01
1.491883142857488451e+02
3.374965196385044237e+02
2.227698279518372715e+02
5.338255070477228514e+01
5.201806910345210326e+02
3.410226564094394917e+02
5.015600644172649254e+02
1.549015255509024769e+02
2.016028440448967558e+02
2.867737382834048390e+02
1.229388573464876231e+02
9.397785021387343818e+01
6.494046045763784605e+02
1.096641497728471961e+02
5.811339262822550609e+02
8.200180259529244609e+01
-2.132608550635493998e+02
3.012125284265113692e+02
6.723256904525705977e+02
4.335208841088463600e+02
1.651476284842664484e+02
-3.796084290886111035e+02
-6.914361212881591001e+00
8.997289528816838811e+01
2.888013591464306273e+02
1.672286009728742613e+02
4.143115027987870462e+02
4.510088748792332467e+02
2.549324221628806981e+02
1.813223249676746605e+02
2.751830952075557093e+02
2.828686359644159438e+02
-8.311413241786135586e+01
1.169683458796338869e+02
-3.887217445397617155e+00
1.085065972465814411e+03
-8.478276848841705515e+00
-2.412296567676328607e+01
2.923297180375999460e+02
1.264989374596361529e+02
4.767370402387070385e+02
2.218630625784886945e+01
1.032917839831626452e+02
-2.764966270773327324e+02
1.264889867639544491e+03
-1.350141161067855080e+02
1.535206261111808317e+02
1.495310117061917765e+02
6.365153220078776286e+01
8.635700161001293509e+02
4.139121094817597850e+02
6.979344241662390402e+01
9.400084034934218380e+01
7.449595065763503499e+02
4.577696473997195881e+01
3.709843260058910630e+01
5.959753326522799455e+01
2.403528963484897076e+02
-7.533445131506618964e+01
1.426197243876103471e+02
-1.782485338630887952e+02
2.552753236117283109e+02
2.414324710563964800e+02
-2.702055894702576779e+02
4.424922213368776056e+02
-1.718750653723919015e+02
-3.661995726756002796e+02
3.850557692534149510e+02
6.306386003140731873e+02
-3.301089839376416535e-01
6.723396760142730955e+01
5.945991049685883354e+02
-1.337385162600301101e+02
3.006462324122690575e+02
2.682673072549844164e+02
3.872321303167188944e+02
4.861246550562421476e+02
-6.711639502172793925e+01
2.415009362715890404e+02
2.928616857917909897e+02
2.459749419616013597e+02
1.938920917471710936e+02
8.073198126732113167e+01
4.170815979500557660e+02
-5.741909806893125534e+01
6.465446719527031973e+02
4.484679186515886613e+02
-1.832170869420666577e+02
-1.501303543707304016e+02
8.679399860036069185e+02
9.304052187081674674e+01
1.210114845429637001e+02
-1.368786662301188812e+02
2.589517794233491088e+01
4.117216143697349935e+02
7.947168549976616703e+01
-4.886725404671810793e+02
5.833997337500658205e+02
1.216345406090660362e+02
4.408806778603018870e+02
8.103027084485347586e+01
-8.135055510233233633e+01
5.286599216186211834e+02
-2.062903859311457921e+01
1.025974863203168752e+03
3.633405923187140729e+02
2.225943855393189779e+02
-2.514602634159930972e+01
2.907686039746890856e+02
-2.053625245092948148e+02
4.529600428218813022e+02
6.382629913481043786e+02
7.350786968950833966e+01
1.281397846549086594e+01
4.075944559291961582e+02
1.219407613941998818e+02
5.500504149696495233e+02
8.252532469756451974e+02
-6.629792990045251599e+01
-2.779364868789043044e+02
2.358255605320769064e+02
-4.083986318752350257e+02
4.999501383279202287e+02
2.173947882389396682e+02
5.575472510098250041e+02
-2.674263297051598443e+02
-4.624189059166482707e+01
7.235114662643994166e+01
1.010746878670086630e+02
5.510636030346435064e+02
9.850920565012000907e+01
-1.369725261637938729e+00
1.351864428601378449e+02
4.509062925768196237e+02
7.798378841476051093e+02
8.743618255949390914e+02
2.986163801157248940e+02
2.470635860032142261e+02
3.277662961420714964e+02
2.742908293205403538e+02
2.526981456209013004e+02
3.037876689148108085e+02
1.632660125387058656e+02
5.996914045103935678e+02
2.764068905168672927e+02
-8.807426718998164006e+01
5.428698756256657987e+01
3.078106089279749540e+02
5.107071584532751984e+01
5.140167894907544905e+02
2.966798577144052729e+02
7.310259164742328721e+02
3.569306135277073508e+02
5.965918735152508816e+02
6.952578989041373916e+02
4.047654173124246313e+02
2.361726156580212432e+02
1.991297229598960712e+02
3.055997882227495097e+02
5.802652751348557558e+01
1.813248306865735344e+02
5.303882591327787850e+02
3.960016421248768665e+02
-3.441841684994669208e+02
4.425094291653870187e+02
1.017938879481217498e+02
-1.351036356232373521e+02
1.006528860772088763e+02
5.561979707432398357e+01
1.739580807036578562e+02
5.421226729689874446e+02
5.187490995394806532e+02
7.470092705580913162e+01
7.860587315662462515e+02
6.707799961347398039e+02
-9.668160443080536481e+01
1.269696089803931756e+02
3.127171830574121145e+02
2.485446870568565885e+02
4.222698589465812802e+02
-9.646289445295462173e+00
6.599171466668251469e+02
-1.231136589487352495e+00
1.004361769506146288e+03
3.028758800690878275e+02
5.303001935238209796e+01
-6.977864577206999286e+01
3.400068742334804597e+02
8.304816010867533294e+01
5.106162702212902360e+00
9.501302051534560178e+01
2.803529946421174941e+02
2.966974515090545879e+02
3.060143161078416441e+01
4.964736169907892815e+01
2.089478937016440909e+02
5.420783827058559154e+02
1.491930334132121061e+00
5.383375174028660695e+02
4.940307776248775440e+01
-9.814891185039884647e+01
-8.875550428046643958e+01
5.279673593807731891e+01
3.775077218213908736e+02
1.916542978898393699e+02
2.400205316881691715e+02
5.142038631031084606e+02
6.079108236879884544e+02
1.178241777624520637e+03
5.286825170428194269e+02
3.388373440121533804e+02
1.188737668368520843e+02
6.366670164164355583e+02
2.113909577215051740e+02
3.176072119183628502e+02
6.833949679470756564e+02
3.018798263760338330e+00
1.273312652300901846e+03
2.925960463849331177e+02
9.332066926856096956e+00
4.077829608738155116e+02
9.014521900775337144e+02
1.158337000022710015e+02
2.491787363901204913e+02
2.966233400987837854e+02
4.561659931265055548e+02
5.937692603489758767e+02
-3.146635370247571473e+02
4.641960726917508850e+02
-7.962965675653930475e+01
2.440690380257724712e+02
2.500996626324744625e+02
4.498228175633568071e+02
6.858222942474161528e+02
2.015953053678058495e+02
5.465964305215457841e+00
7.097738661916000069e+01
3.883360162025769000e+02
2.846672130725533520e+02
3.979926563439727261e+02
4.932222714666603451e+02
3.899833072734694497e+02
5.487280232045911816e+02
5.169192330059585174e+02
2.664951645016616766e+01
6.089725538288938651e+02
3.497581747922335467e+02
-3.434778848691212971e+00
1.711114410736112745e+02
1.041245404390600129e+02
-5.320170065137205029e+00
4.069740215136609436e+02
5.297049123121450265e+01
4.899725867166324633e+02
4.457510938126438873e+02
5.168948890570632102e+02
3.465611917386095229e+02
5.925902402404393570e+02
5.152645613433186611e+01
-1.060214471806855556e+02
2.624796465748952414e+02
4.613647150677527975e+02
2.092598389927439655e+02
2.811578106822249765e+02
-1.703639807589671022e+02
3.499289451691782347e+02
-7.795175236862439760e+01
-2.773188286527454238e+02
3.428955743832005396e+02
3.331077730449257501e+01
2.370229070323467511e+02
2.672220818028544613e+02
4.136944754529856709e+02
-2.714534693833297752e+02
3.723676689601281282e+02
4.286066810449889886e+02
1.954904220671994608e+02
5.913745908048866795e+02
5.912763592007422631e+00
3.236633611013713789e+02
1.247148612665492067e+02
6.474194682197500015e+02
7.246590348788785150e+02
1.529973882785214698e+02
2.930534644181611839e+02
2.133823027285131957e+02
5.037286549028942204e+02
2.488805805729064673e+02
1.096114254194701800e+02
1.149607946819526433e+03
6.632940531289472119e+02
-3.933545111682193465e+02
6.521278108512208860e+01
3.906743422053591530e+02
4.793612246103747907e+02
4.560366867314326669e+02
-2.113847978465115602e+02
-7.926228961882927138e+01
1.572738166169977205e+02
-1.206105453388610869e+02
5.764214691188248025e+02
4.159099344227945494e+02
-6.133589459093172991e+01
5.068991686355970501e+02
2.954843770058039922e+02
8.734403837949964782e+02
1.657324413423443161e+02
4.891567988648452001e+02
4.024150722799360551e+02
3.506415984635663108e+01
1.835398706729348817e+02
1.384439569224364845e+02
4.802801141142360279e+02
-3.655079327157066160e+01
1.756628145694049081e+01
3.116188130439168731e+02
-3.578928130593458263e+02
6.791102784806757882e+02
-4.825812911892305834e+01
3.746508891618026382e+02
6.663119813696002325e+01
2.928479890000545538e+00
4.710854442801271489e+02
4.452805268653710868e+02
4.035152367625105398e+02
3.440954557202704223e+02
8.713721538827732047e+02
2.837634402643889757e+02
2.945166693527327766e+02
7.450557106101424552e+02
6.714346281056939461e+02
6.687057952399176486e+01
3.072008342547322854e+02
1.377918980069298414e+03
-1.915894976823357183e+02
6.254928812106155647e+02
1.360301128234250996e+02
-2.760582330851348587e+01
3.792191310219828893e+02
-1.830830537452998783e+02
8.332035814829082483e+02
3.325275654189257466e+02
4.198002808110608441e+00
1.289698525632457802e+02
1.972136865194396762e+02
-1.505682853786018995e+02
-2.825041676192574869e+01
2.850211268802442532e+02
4.226849694472133478e+02
5.074089099981567870e+02
3.551503597383795068e+02
-6.418431148671571407e+01
-1.681648086130854480e+01
-2.677037871205947681e+02
3.118379724575512455e+02
-2.286819082172790729e+01
3.260293008906318164e+02
7.141395506382469875e+02
7.030344944717700173e+02
2.229649019884743666e+02
-3.330466652801270300e+01
8.971865424698215463e+00
3.468002868669474879e+02
-8.705168299984180180e+00
5.305510595387324884e+02
-1.249433490221694569e+02
-1.052831299145986463e+02
-4.204695585262539339e+02
3.896103748749857232e+02
-5.833993419956639315e+01
3.259305910993883799e+02
5.724421892370933165e+02
5.651025007042689197e+01
-4.663573837493895269e+01
-3.959544745839531288e+01
4.689235033753448647e+02
4.927258665972101994e+02
3.284516283692110505e+02
3.291774559401317788e+02
8.677712384753255037e+01
-1.350498588043866164e+02
-2.452431724832814268e+02
1.207622380035289638e+02
2.469594633857776103e+02
2.134055061179076063e+02
3.527040457091213739e+02
1.915572522881367945e+02
2.161689166348708113e-01
4.116493769821817494e+01
-3.492833630178176350e+02
1.830893798039016360e+02
1.187949911826051448e+02
2.678607634033431282e+02
2.918871932180983322e+02
2.981220942157024183e+02
2.466962914143334160e+02
1.388717170149531057e+02
5.367154671506265231e+02
2.918142915209089665e+02
2.822885688068651007e+02
-3.135237704649859438e+02
5.434921452560297439e+02
5.027372479560411875e+02
2.777701288282635232e+02
1.762832682489919875e+02
2.640574667583575774e+01
2.677773106543621680e+02
-1.433805988405310359e+02
4.572755539712449604e+02
5.557569559271306616e+02
-3.876439946856217489e+01
2.420214051598005653e+02
5.044824785289424653e+02
1.939372024566819732e+02
5.987047972096315789e+02
7.903528491879890225e+02
8.146686481118751999e+01
8.183670723238803930e+02
6.560175766682671110e+02
2.689742588118103868e+02
-2.450926893601526046e+02
6.332046170712235380e+02
4.072959183713182938e+02
-3.224940362138921728e+02
4.495175391798439790e+01
3.407950574485135462e+02
2.231444669749985792e+02
-1.195493999112274111e+02
4.207281407747238404e+02
